data point nr.,x1,x2,y
0,missing,0.20978613387001205,-0.18285434111728616
1,missing,-2.818793482287701,3.579715578913949
2,missing,0.9680032704690013,-6.685893622110916
3,missing,0.4401583791665769,-6.81809353897639
4,missing,-1.2631678368886052,7.818590214712668
5,missing,0.9499803110414319,-0.5530967693314521
6,missing,-0.3426561793038804,5.22611889865402
7,missing,-0.8858645496557049,-0.6832846158584418
8,missing,-0.9934255893461856,1.8326217513089638
9,missing,-0.3750185780420122,-1.2501594583261393
10,missing,1.0223417123680432,-2.4637756332933938
11,missing,-0.7401401699943235,3.485146874446653
12,missing,0.25803300379027216,-5.960904533850974
13,missing,-1.8774844643532282,3.335835385923101
14,missing,0.9418284713518158,-4.706818497652861
15,missing,0.34832957160695605,0.5628597027388904
16,missing,0.6533624672591115,-0.07796783191766865
17,missing,-2.167073423402826,5.37848121839875
18,missing,-1.4329765299504058,5.040557738220861
19,missing,0.8357501898419317,-0.9197972711623454
20,missing,0.4614905084013583,1.4452907077499981
21,missing,-0.31502492930681786,-1.9934809789866963
22,missing,-1.1814406996323366,10.349982468559887
23,missing,-1.8233121752419212,2.3558592942583525
24,missing,1.0252920134610783,-1.729283472478194
25,missing,-0.4538899544710986,0.9741308673898844
26,missing,-0.7185174288257856,-3.7444054596183283
27,missing,-0.5797448435678128,-1.7833669156592153
28,missing,-1.1160113908234064,-0.06507254497519077
29,missing,0.1453749976208398,1.5521582507728797
30,missing,-0.24018848884263946,2.711611205942948
31,missing,-0.6936919456069749,10.726485273556904
32,missing,0.7590908496410993,-0.11840767240402417
33,missing,0.5174601314743051,0.15699776961240608
34,missing,1.1474325151219549,-8.106089634366032
35,missing,0.4133966005889441,1.422635404704423
36,missing,-2.2636002000633457,6.062902182082061
37,missing,-0.545284722381667,4.743850801284806
38,missing,-1.9599695554892609,3.3717443752313234
39,missing,0.9571933794413687,-3.2892315881398844
40,missing,-0.9216191215759741,5.781724972294119
41,missing,1.797619503871623,-6.661971993064261
42,missing,0.574936965035623,2.6635816185649768
43,missing,0.5886195622272834,-4.513402597782086
44,missing,0.03577041090286236,0.09002968966960243
45,missing,-0.30682801081377814,1.305202313113655
46,missing,-0.6400835703358002,-3.8064987729609334
47,missing,0.7272077999172109,-5.024614190075576
48,missing,2.197843514837992,-9.213138629701088
49,missing,-0.0490936840924124,0.00966900657079417
50,missing,-0.5987080618772812,-0.031228430670138807
51,missing,-0.5353402756790142,0.09169146271633338
52,missing,0.6616802257220906,1.3189488582640536
53,missing,-0.6140961131461041,-1.9746082781853054
54,missing,-0.336419320250044,0.2405824290086681
55,missing,0.0028263714221382383,0.4421239512816908
56,missing,0.8555759416631884,1.3833224698960682
57,missing,0.4476833466896385,-4.564809307746655
58,missing,-0.2855415728639332,1.5669342674746443
59,missing,-0.30700907838071567,1.3325368593212863
60,missing,-1.0555628889189095,-0.7738103163962669
61,missing,-0.8940080531991776,-1.0566525115656256
62,missing,-0.004071134669006743,-3.340786915571971
63,missing,1.8047691263104433,-10.529800490338882
64,missing,0.9100807559917653,-3.5301289901058563
65,missing,0.6301339640995361,-2.3674050185861866
66,missing,-0.052513473682209696,4.953762592327854
67,missing,1.089593441094013,-1.1539198363165424
68,missing,-0.38737698430023737,1.2669029339665698
69,missing,0.9984761147452004,2.0890239786162867
70,missing,-0.6212641684523266,3.7838104066764657
71,missing,-0.7981481934965561,5.737328930827517
72,missing,2.3155534066267824,-2.7121508020595573
73,missing,-0.5515282170853364,4.048301775016668
74,missing,-0.4425189326363737,-0.9651304870369994
75,missing,0.5423491912610833,-5.019817107361579
76,missing,0.33885908713589785,0.8881844236294542
77,missing,-0.9703310359374616,-2.330188924551973
78,missing,1.751092230229116,3.4669952127952115
79,missing,-2.633018819874595,6.441146297406935
80,missing,-0.9764893739020754,0.4086819532033348
81,missing,-0.07032648427397442,-1.678444267409721
82,missing,0.6727841599034233,-2.9794889639741937
83,missing,-0.4372588976647973,2.7562639614185023
84,missing,-1.5717363600001164,4.389420834583379
85,missing,-1.3412097478488048,1.6915821590154136
86,missing,0.032361805856818845,3.1311589044942463
87,missing,1.923692755804422,-3.992026175052628
88,missing,-0.30284393552681305,-0.08124048241220105
89,missing,0.05993774528904524,2.6942950245800805
90,missing,-0.08381506477322553,-4.997610013377511
91,missing,0.37998163608470276,0.19568315721655194
92,missing,-0.37088529479173593,-2.747799091764402
93,missing,0.1227553176376976,-1.9315365285275945
94,missing,0.09422632238985541,-7.1972443155242045
95,missing,-0.1455753756364097,-4.671904144912427
96,missing,0.17849038669456668,2.058554438745927
97,missing,1.1279062583222514,1.4556528128805004
98,missing,-1.539417225961299,2.9141591626557304
99,missing,-0.7330438655866821,4.5898577234471265
100,missing,1.9890430042158174,1.3459262573293427
101,missing,1.1785436793340291,-6.748773444114156
102,missing,0.25311781255880234,-1.0040820522552674
103,missing,0.5801965000990921,2.2807324499289967
104,missing,-1.0165949280882023,5.49871986255945
105,missing,0.3301319905330853,0.046031313311359456
106,missing,-0.26340282331438636,0.35356968984009174
107,missing,0.3615607758000046,1.616289264055613
108,missing,-1.5892104196544634,1.9622522338252497
109,missing,0.417938218336837,-0.29870106221904047
110,missing,0.3311764562053674,4.876970574463733
111,missing,1.8584781213166155,-1.4439945976644593
112,missing,-1.32508125644777,2.7757551020142404
113,missing,1.086526991424881,-5.0906758821941285
114,missing,1.2529234076618234,-4.453745547296334
115,missing,0.9524123858278866,-3.9017891023179083
116,missing,1.4598944241884386,-5.093728129672963
117,missing,-0.6763856913659275,-0.6988263172327159
118,missing,-2.5728128951281946,2.6845609059179982
119,missing,-1.776296054083885,0.538724380455162
120,missing,-0.011900410027201998,-1.642639122281364
121,missing,-1.1579872936475268,1.2619267450963512
122,missing,-0.18592741834204982,-4.834930452766445
123,missing,0.3124379318169167,-7.815766348718532
124,missing,-0.046995455611716884,-5.6964272200686725
125,missing,1.034074491300642,2.94014151273739
126,missing,0.3063877491410772,-5.667341090310965
127,missing,-0.04503943885032922,0.4783998044720121
128,missing,0.9738274404405951,-2.752635731883345
129,missing,0.10324037014196207,-4.1438279419689215
130,missing,0.8171670522771669,0.14373153279174467
131,missing,1.9199244681179626,1.04701922782091
132,missing,-0.8560077839231033,1.4064320588784542
133,missing,1.276801238676407,-4.1646122001314785
134,missing,1.2864307860061581,-2.9772146005023177
135,missing,-0.8205014782577997,3.4321326269168346
136,missing,0.1852354028305308,2.375348798594997
137,missing,-0.39435043378084944,2.159092825820502
138,missing,-1.1917016893064247,-0.2652508072425417
139,missing,0.022018450977412566,3.4048255428052396
140,missing,-1.0542902293359642,4.154586879303271
141,missing,-0.35466791622530025,1.2061169389122965
142,missing,-0.6448937346513121,1.4416618404605284
143,missing,-2.0895874218118613,6.916703915914157
144,missing,1.2220816477929737,-0.7704301911874198
145,missing,-0.5348721451784404,-2.385530756565897
146,missing,1.3008496215013594,-2.8605902913755603
147,missing,-0.4705053260660681,-2.8764874505544027
148,missing,-0.23774528799710776,2.903709422290766
149,missing,-0.02329004399179172,0.138427153691574
150,missing,-1.1472976534572894,5.598311800618397
151,missing,0.44020422820364763,-4.61138207756845
152,missing,1.0671134346600302,-0.5763227807528666
153,missing,-0.7410276657787297,-1.1274936455533675
154,missing,-0.3055589679316193,5.331861516594807
155,missing,0.7378154552588003,-3.5788058414446025
156,missing,-0.15505541968823558,-0.08842671415599179
157,missing,-0.7607895752421967,-1.9402892419170414
158,missing,-2.647739580241681,4.140320968269289
159,missing,2.2023777038115253,-6.3709649051719115
160,missing,-0.7649513927914147,-3.621241720014038
161,missing,0.13662236413232492,1.700819636850683
162,missing,0.7957280283149412,1.3109295441424091
163,missing,-0.20252434982104806,-2.6317596159339134
164,missing,-0.9896383467105269,-0.6900391862719106
165,missing,0.5627608911172394,8.037108004512527
166,missing,1.0880043220890456,0.554135032287664
167,missing,-1.0862251649569978,4.831315607871069
168,missing,-0.6082797705312797,5.096002378807271
169,missing,-0.08925753999141477,0.6087875098052633
170,missing,-1.7242069407165719,5.832132219325226
171,missing,0.38456845738870815,0.8770310979909454
172,missing,-0.5782582937350981,-1.7632028911497326
173,missing,1.0821775784625494,-3.632117085648699
174,missing,0.7615365700659227,-0.6436008415976044
175,missing,-1.1185703295877136,-0.15101124589836507
176,missing,1.279455341180545,-5.045523963315434
177,missing,1.240152342844038,-5.754201476509604
178,missing,-2.301076475093822,1.30027754932265
179,missing,-0.8534405416476996,1.069870048313814
180,missing,-0.23226255426803102,0.614902971959457
181,missing,0.033520698756963306,0.7450792126947801
182,missing,-2.14665200532931,4.393164147692653
183,missing,-0.6214111373639359,0.1648889244173395
184,missing,-0.42587713472731464,-3.7394956444346144
185,missing,0.9075982947648584,1.374209613338419
186,missing,1.7561677759563064,0.9728358756644777
187,missing,-0.9023170640892425,-1.0864470067998222
188,missing,-1.390945600251588,3.992501951349059
189,missing,-1.1105082493918617,-0.24895228742002518
190,missing,1.3677738730298798,-8.794891144360568
191,missing,-0.5780829261714076,2.223353436392179
192,missing,-1.5386983896404447,-0.4381369697731554
193,missing,0.059380538739251865,4.213967153709727
194,missing,-0.29774968603826846,1.921323490224719
195,missing,-0.20815329015896722,0.7990448225951359
196,missing,0.2698403738393482,-1.1669665285282182
197,missing,-0.3452546771008343,2.15026216222483
198,missing,-0.6811547197280476,0.5175500175585888
199,missing,1.3691209086414484,-5.632556474861531
200,missing,1.1293646470014844,-1.8153136887568186
201,missing,1.5096460204831632,-3.6015368213067007
202,missing,0.2691462262395074,-0.1764933645626512
203,missing,0.20642720347201,1.2972892369212856
204,missing,-0.3447199101607585,-0.4502705437875753
205,missing,1.2496718525760604,2.2206082145902686
206,missing,1.1389245078381505,-6.029403588847029
207,missing,0.30490283363536747,-4.188149060731591
208,missing,-1.4556297005360512,3.5154572311661845
209,missing,0.1890381271234857,3.8044601904412363
210,missing,0.6267635124074091,-2.2583101639890604
211,missing,-0.33810615163687485,0.6802897593956931
212,missing,0.9095072820026162,-4.123791013393119
213,missing,-1.0998348409155518,2.717748824080841
214,missing,0.5674448857997361,-3.3779320792804817
215,missing,0.9240984654909825,-1.1366585108976879
216,missing,-1.5502502840561077,-2.980100540654812
217,missing,-0.7867955053397476,0.25563236001660794
218,missing,-0.09752225175855282,6.147902307702444
219,missing,0.7284307553833694,-2.1972758353011477
220,missing,0.04160526609180121,-2.6695139402741477
221,missing,-1.5905630939748445,5.771669255055579
222,missing,0.9384080121701821,2.629186638571536
223,missing,1.5791639250237721,-4.496919566704396
224,missing,-1.0655504171070067,-4.276412260783916
225,missing,-1.2782221165715322,1.9031118378710703
226,missing,-1.0537698956380923,1.1882241109254754
227,missing,-0.5388324425142104,1.8741681728976756
228,missing,-1.3679156912696255,6.306515730761769
229,missing,0.0018808577201824374,0.3962103484953837
230,missing,1.365790795768461,-4.815529446360419
231,missing,1.9633934119996181,-4.849524147915851
232,missing,0.8418451886587214,-5.331109557808859
233,missing,-0.9654400207384313,1.807047027385891
234,missing,-0.633587102103469,4.018847060415807
235,missing,0.6286639237293865,-1.2304451823015117
236,missing,0.022647333016802194,2.4369665668359324
237,missing,-1.2351664939117963,0.8944189740313419
238,missing,1.8613181441289652,-1.9880936300501215
239,missing,-0.7200024706200783,4.703147701958606
240,missing,1.088140996877203,-4.144493020694825
241,missing,1.4947840822882388,-2.396625867267298
242,missing,1.0947773918559447,1.2830758724740816
243,missing,-1.1572576826444652,4.393603738089638
244,missing,0.24232764446309518,3.0689893487945823
245,missing,-2.0764600397373822,5.280289626012463
246,missing,1.0994821239245014,-6.471558960251687
247,missing,-0.8611420783320475,2.16213360701214
248,missing,0.5519324536000315,-5.67063126461376
249,missing,-0.4874055065276337,-0.3805875009080668
250,missing,0.5254519444560024,-0.5298009509211334
251,missing,-0.272455438564243,1.691748665403555
252,missing,1.2559198565662022,-4.360767860718385
253,missing,0.44034920656263915,-0.8724261902549924
254,missing,-1.1775190685446337,1.2267294743193957
255,missing,-0.01006299688441738,-1.759343889369442
256,missing,0.49739406861978086,-1.0863338293227958
257,missing,0.025153435270062138,2.9416861916484134
258,missing,0.16949331311786245,3.406813127148269
259,missing,0.007300093399540555,1.7244130477441857
260,missing,0.5324303511655091,-0.36228697076373
261,missing,0.21037149654319687,-1.1461634548708295
262,missing,-0.7266265239436456,0.3468067293819076
263,missing,-0.5800978240838462,4.814134778015088
264,missing,-0.7905535492334761,1.4597298642796819
265,missing,1.0946928589936307,-3.114659284636428
266,missing,0.37229465807913603,1.6005479086642573
267,missing,1.3748439520199345,-0.13726693436397186
268,missing,1.0693470538436924,-2.937365315388191
269,missing,-2.4539928643344178,4.937646853546275
270,missing,-0.41531983794701627,4.318911194994568
271,missing,-1.0417723556439167,3.0171657722932808
272,missing,0.5512575059836461,-5.660466645962192
273,missing,2.399095376542583,-3.8028377340745965
274,missing,1.6364391384615038,-1.4910784006087523
275,missing,-0.9404277301728584,4.725582021714958
276,missing,0.22449138331182739,-2.6130966732828758
277,missing,-1.3562174205237003,3.541232144957531
278,missing,-0.162524649543578,5.7282375091126525
279,missing,-0.7678348100447574,2.4950866310859228
280,missing,1.3898692305610179,-0.708267524538322
281,missing,-0.2948523236765769,-5.074468023422997
282,missing,-1.0843807500581424,1.5532638559477823
283,missing,0.04269318397671704,0.08084796631632657
284,missing,0.36845545645306854,-1.6590086462171931
285,missing,-0.4970919253766876,1.2456802482805471
286,missing,-0.23829375502681363,3.1193573985395084
287,missing,-0.44981401988460057,3.648574382217288
288,missing,-2.234416991722028,0.5451881156623346
289,missing,-0.6785298176398087,-0.7538237061888904
290,missing,-1.9731222694701815,6.007604806380242
291,missing,1.6554310385473276,-6.814898056790952
292,missing,0.20602055811566228,-0.10600289972151211
293,missing,-1.4302604516285116,2.1704224135325614
294,missing,0.19844178337491802,2.5556639070777982
295,missing,-1.1995656023423278,-0.5926933051616319
296,missing,0.01729876196789239,-0.48708459347526745
297,missing,-0.2871294198859181,-3.7739382098787893
298,missing,-0.3490972718283177,-0.5953667272002907
299,missing,1.9045913759382382,-10.007415816441208
300,missing,0.7348998864625093,2.1714885810135605
301,missing,-0.8028253653644782,1.9935018087993148
302,missing,-2.1091837936911557,-1.9552373443404807
303,missing,1.144457925883558,3.744313881333905
304,missing,0.36681281300589225,0.7184802980587037
305,missing,0.5158962487494865,1.4459989743328685
306,missing,0.6402532671195593,-0.40457060957062285
307,missing,-1.5268881248131356,-0.5664282014008074
308,missing,1.0279256688458154,-2.8985072182833482
309,missing,0.4465171168300689,-2.072076958303944
310,missing,1.0855400831476083,-6.130192292109739
311,missing,0.3519298710701302,2.717415635452488
312,missing,-0.8426463624131948,0.21112106974006073
313,missing,0.0036910471881624594,-2.1438024929261568
314,missing,-2.340316308549614,6.961347561046076
315,missing,2.1263409212325985,-4.869138389267121
316,missing,-0.9673329900635668,3.331189523827431
317,missing,-0.2592426848148367,-2.505716052162297
318,missing,-1.4373726020774518,-0.694258707560556
319,missing,0.21188646638792302,-5.467292226195166
320,missing,0.5666877522489296,-2.1980899083688077
321,missing,0.013580980051405874,5.227064066645074
322,missing,0.3634722068536772,-0.022603454282094704
323,missing,1.7315974102757612,-2.6775549399336254
324,missing,-1.3111647722905482,1.8480532480004985
325,missing,0.5853034956011977,-1.2085079100862934
326,missing,-0.8430852735354577,10.06344554759859
327,missing,0.1332248844670067,-0.33128868047521154
328,missing,-1.0396967559894066,-5.434140103046728
329,missing,-1.8627190182274753,4.676615530899742
330,missing,0.8569807479707401,-0.8020750323702927
331,missing,-2.010683247655008,2.793027719396002
332,missing,-0.2732317816723366,0.3254063851746939
333,missing,0.3947813099879254,4.009099165940944
334,missing,0.5575215725488082,-0.35287087911519954
335,missing,0.5070170303662642,1.7860699299291436
336,missing,0.3737841779780405,-4.357912816716522
337,missing,-0.06421764531673879,4.251145162069929
338,missing,-2.0030259300754727,5.213896660005117
339,missing,-1.7869354803568551,6.421206090021288
340,missing,-0.12597905358786018,-1.278985887259358
341,missing,0.6013270458856237,-4.540091289176615
342,missing,-0.24211797089602655,-0.025578903714589485
343,missing,0.6182436266051593,-7.237597399662147
344,missing,-0.11210926201660806,1.4801688547724052
345,missing,-0.7111018142389139,-1.3928890603992148
346,missing,-0.9275414454570884,0.6500903364632623
347,missing,-1.3042874531909279,2.1943899151855444
348,missing,-0.5853310067487882,0.4656385410166355
349,missing,-0.3298063865686139,2.0343282814615224
350,missing,-0.050436519014641926,1.8098459709880563
351,missing,0.6487848586698378,3.713326000633532
352,missing,-0.4107246692053469,0.821241568500723
353,missing,0.11211147282367538,0.6697023823714074
354,missing,0.02006057119993151,-1.0098981738093955
355,missing,-0.7525456052082105,3.8083002172987714
356,missing,0.19834469387579484,0.4838815019157212
357,missing,0.7312608897006381,-0.6482530662567589
358,missing,1.396674342261351,0.4567102618159828
359,missing,-0.43216213498781236,-2.3706393236631556
360,missing,-0.8557743144860739,0.7354876131498329
361,missing,-1.2816138394406744,3.6425760453438087
362,missing,-1.5034194604974882,4.5160804070334
363,missing,-1.1608663328270041,1.3946955254590987
364,missing,-0.3093083684665957,1.8109916821391698
365,missing,-0.6662315200346198,4.532206649953537
366,missing,-0.3534579925026181,-1.665601710624347
367,missing,0.37476327195764164,-0.19104057299911656
368,missing,-1.0544878860414697,0.9168326339862938
369,missing,0.6897657051912593,-0.6468197628868431
370,missing,1.192274144695364,-0.6504495823361294
371,missing,0.43960176864722633,-3.1843055706192622
372,missing,-0.6770386974795393,-0.2567930824464171
373,missing,-1.5841624358533817,3.6504491238581025
374,missing,-0.4370430524312191,-1.514021924677594
375,missing,1.1281644682856715,-2.438154329331989
376,missing,-1.3512672033190702,4.406557185365932
377,missing,-0.27571971580654486,0.8054265664240925
378,missing,2.1139400945212943,-2.6252933231305593
379,missing,-1.0102284607560852,-0.4870558605071323
380,missing,-1.9161579232359442,10.798220678541778
381,missing,1.2652801400547884,0.18304564453037864
382,missing,0.9852835361221925,0.4074275838991167
383,missing,0.35945837561679755,-2.0673283467584054
384,missing,2.4662096025028535,-8.05211623044775
385,missing,-0.20119095042422278,0.004130899701618937
386,missing,0.798275410560766,-1.9705403218256914
387,missing,0.6642597217682967,5.782905540772127
388,missing,0.30669778532930303,-0.565034922374736
389,missing,-1.6832946948365792,4.5601943468800785
390,missing,1.46057778680802,-6.958202158375222
391,missing,0.11365511277362596,3.7227333914919605
392,missing,0.16496937194234682,-0.7195716383450041
393,missing,0.577201763207631,-4.60771883248622
394,missing,0.3982729926377668,5.0729980890212065
395,missing,-1.9918843634310925,6.904985857526352
396,missing,0.20849914044930432,0.010535865682071766
397,missing,1.099804859683336,-4.528637357232959
398,missing,-0.9586826714900788,-1.5303138923676625
399,missing,-0.7511150620506224,0.1931968307540153
400,missing,0.25892248290593806,-2.4705969089527766
401,missing,-0.47269443009861917,-1.5956826965632067
402,missing,-4.086460538396296,7.435528674054178
403,missing,-1.5985058394017664,3.6533452798459014
404,missing,1.595811510490815,-6.321634003101959
405,missing,2.3041681098055307,-4.484752311023826
406,missing,-0.3531220523762714,2.7496236781375702
407,missing,1.1005346748125475,-5.256972945965008
408,missing,-0.714251373600272,2.0089251460440147
409,missing,0.8736728619344963,-1.4647563411773818
410,missing,0.81572299471932,-0.6292242801613726
411,missing,-0.6403396976504289,-4.301760012237468
412,missing,0.9843929708743844,-0.6760207084684708
413,missing,-0.6119034710836642,2.1187814242460155
414,missing,-0.5623075560388893,2.3192821833523025
415,missing,-0.1775457865295345,-3.655409852544448
416,missing,-0.6163330926517081,0.7042046605767721
417,missing,-0.2187019641468324,4.4533572347622625
418,missing,1.3886030999202195,2.7049209387334967
419,missing,0.060573779233599405,-0.06663786207585512
420,missing,-2.010166836810835,6.006926287740187
421,missing,-0.187330829027958,6.276974680535674
422,missing,-1.0098101119783824,7.057087946009831
423,missing,0.7552115316544779,2.8303597037763693
424,missing,0.4983198104755096,-9.232453697094009
425,missing,-0.5311653411724422,0.4440083656524294
426,missing,-0.011253402706353145,4.707968994997335
427,missing,-0.8033714000264112,-5.653431600511041
428,missing,-0.41329752973586986,2.9587215485204736
429,missing,-1.2435003050353959,5.0593579540048434
430,missing,-1.8916160313626105,1.8850659894722328
431,missing,0.3632300038901736,-1.0298952659390475
432,missing,0.13037916137923192,-2.2357551605016646
433,missing,-1.2219403228939623,2.0440291485484745
434,missing,0.060453906144289256,-1.114709589900194
435,missing,0.8129012942802717,-0.3832100491147874
436,missing,0.8790790424778954,4.492137867619634
437,missing,-0.1350348317706089,-2.085594278241448
438,missing,-1.312209406757596,-0.5161492025272854
439,missing,0.8352217551994413,2.1427060606468027
440,missing,-0.384046285420236,0.7685222245790027
441,missing,-0.514207697831437,1.2783285676158858
442,missing,2.3568165990270846,-4.664594695879967
443,missing,0.15820428968216252,-0.36885572139259465
444,missing,-0.8831568208434692,-2.07471054334356
445,missing,0.1589385814866068,-5.982272934732632
446,missing,0.8610380757039214,3.0904961900123373
447,missing,-0.2378860233542655,2.2774184700912152
448,missing,0.46012229444288005,-0.15416726473012898
449,missing,1.1454574501527353,-3.3623568492706886
450,missing,-1.3413306321949525,3.085500542382048
451,missing,-0.325082693583436,-3.8919302656709407
452,missing,-0.631103968883432,-3.9829224858344228
453,missing,0.5235861166757966,-0.1566597775577389
454,missing,0.9448897312515179,0.5826815368416868
455,missing,0.04481141545032816,-1.0463346180839992
456,missing,-0.15564707020559157,3.9481808984066267
457,missing,-1.0835366052019877,1.915269609384476
458,missing,-0.2624974742946058,-2.67144598437146
459,missing,-1.4703026810096318,2.281660768581049
460,missing,-0.7297652263090032,1.6021023443169073
461,missing,-2.500122264028569,2.859121563641055
462,missing,1.2163736022747804,-7.040877651249787
463,missing,0.7293539942328989,-0.8623648039624727
464,missing,-0.1799942884438172,1.8857146494938744
465,missing,0.6551992123439672,-6.2839903045690075
466,missing,0.6518303389338299,-0.49567942850145524
467,missing,-1.01958199222506,-0.16898278124970112
468,missing,-0.01494085190604943,-2.93399029001025
469,missing,0.10623978239457822,-0.9727118384595274
470,missing,0.7824651080200924,0.027793631281752273
471,missing,-0.16626852548408416,-2.083447876375015
472,missing,0.006608283245830001,-4.571023225844013
473,missing,1.1309640166457773,-1.8017970962397618
474,missing,-0.1818482555994778,0.6256883454666429
475,missing,-1.3834438747845985,0.5434438747856238
476,missing,-0.12070063000457132,-1.3124268427292738
477,missing,-2.482051934839099,5.661024788817225
478,missing,-0.10443114410808975,9.772911542153585
479,missing,0.6945775504841231,-3.7036839629189373
480,missing,-0.3693195411896669,2.832227990365921
481,missing,0.7977743427417618,-2.2898681222425186
482,missing,1.0128045985614043,1.3012560045763002
483,missing,-1.049683688111987,-0.6296761858124078
484,missing,0.1423731486029304,-4.460834894427147
485,missing,-0.2963661912054765,0.2513817306501598
486,missing,-0.05198839019138272,3.9011441597817926
487,missing,0.8789952025236388,-5.312228393307188
488,missing,-0.389824901118268,2.4161013114902814
489,missing,1.0496810651841517,0.7266967571795683
490,missing,-0.4118617924991018,6.361070188659723
491,missing,1.415505222963049,-3.6653626260374086
492,missing,0.09693124588768717,2.1596114830235833
493,missing,-0.14093477471515764,-1.501582667178366
494,missing,-0.5500065475695447,-0.8592884373706162
495,missing,-1.0048274177092449,3.558648856608077
496,missing,1.6034694768924806,-1.3689795460180074
497,missing,-0.6623394331005363,1.6888454212958386
498,missing,-0.6120846712121405,2.5582508336817398
499,missing,-0.04038262264015791,-1.9136912526167171
500,missing,-0.06764853961293238,-1.7857250045387698
501,missing,2.6033857369129865,-5.661104649903931
502,missing,-0.5209886097231179,5.456199393154781
503,missing,0.22347892380285433,-1.0978101255792552
504,missing,-0.8546847544038548,0.7684659005507204
505,missing,0.8133759865188157,-2.801057536473526
506,missing,-2.1151663183290434,6.498394263223016
507,missing,-0.19434456714218146,1.2881936698717689
508,missing,0.5032273639651145,3.0394733844068913
509,missing,-0.21776129094540675,0.9365600036881915
510,missing,-0.8084800416538023,-0.6893627346891078
511,missing,0.3999153568967217,-1.1253728559512126
512,missing,-0.8923006362289138,-0.3207068993224693
513,missing,0.3670212211892124,1.4314317115081958
514,missing,0.3310167958791902,4.993375749425678
515,missing,1.7393698740913146,-7.060027568465863
516,missing,-0.4233773605814348,-0.6345307569168178
517,missing,-0.7873098238203863,0.9295421485294639
518,missing,-1.006670737465413,1.142142563751824
519,missing,-0.04735608150830431,-1.1426910915159458
520,missing,0.3713381234846781,-5.073286700237198
521,missing,1.620000452616387,-6.13694021441529
522,missing,0.9487073657843251,1.772946670857261
523,missing,-0.6325273729316295,1.2752095585326568
524,missing,2.1113553590520655,-3.5709768186160478
525,missing,0.46458274158211293,3.623617995496563
526,missing,0.6546726352449275,4.9127326329639045
527,missing,-0.8391946689935306,0.2274508802855279
528,missing,1.0058695422065849,-2.976677856544775
529,missing,0.5829200794462419,-0.5246983710195269
530,missing,1.0876876727966018,-4.446960317280516
531,missing,-0.012948330627535384,-1.9419229288411042
532,missing,-1.7938320757474775,1.0399417763192451
533,missing,0.17927110857822168,-5.257010752563907
534,missing,1.074007999249843,-6.228011499296677
535,missing,-0.43158105782444683,-0.8990232416104381
536,missing,-0.22252078510675974,0.2749181558426512
537,missing,-0.937345410962159,1.117356927415808
538,missing,0.6893748433747197,-7.047898046194224
539,missing,0.027535484799437068,-2.4662079939762322
540,missing,-0.44456190308912863,-1.9134259191327803
541,missing,-0.7907780996341027,8.28670483624614
542,missing,0.3381520699167959,-1.7984651207824989
543,missing,-0.051289112476968796,-2.670513300633462
544,missing,-2.2046998681851506,10.15668104281011
545,missing,0.4782617029872186,-3.0520504632479946
546,missing,-0.7832336007353922,2.289343021603788
547,missing,0.09513203137319429,0.16356683381692766
548,missing,-0.8445030315928196,-5.885846887823513
549,missing,-0.16865786621933582,-4.470329724658134
550,missing,0.3991294697776969,-3.7462270631138384
551,missing,-0.07206275445358303,1.984407653082691
552,missing,-0.45993577668744384,6.367441213778986
553,missing,-0.955942456666768,5.10848565849731
554,missing,0.5640993005615427,-2.9057564321351457
555,missing,-0.5341578935245535,2.6045667142715216
556,missing,0.21611474053775467,-4.656832596705398
557,missing,1.772132626849034,-1.8028157203715929
558,missing,0.7752094251160389,-0.3268132719196044
559,missing,-2.0768140022233474,8.593075044165003
560,missing,-0.5382400121424485,1.295086519245411
561,missing,-0.6207490117863622,2.2050876309409615
562,missing,0.5519840402030385,0.9282054190594087
563,missing,0.38002905478669347,2.824314120432073
564,missing,-0.3016107644112834,0.002238505002445379
565,missing,-0.012281244258344173,-0.20764512604503854
566,missing,1.6835225704997456,-5.3428349498444145
567,missing,0.4703437679872755,-4.32133825972303
568,missing,-1.0355112861428226,9.730894084532043
569,missing,0.42196440663786,0.8749684234157297
570,missing,-1.2190265064074957,-0.29857449856271256
571,missing,-0.1930586901933471,-3.915068139916503
572,missing,0.34835675149440304,-3.414451099933671
573,missing,1.768325259282925,-7.469782155145448
574,missing,0.0803817984661498,-3.4014833806617597
575,missing,1.7238801762021208,-1.6014936471922017
576,missing,0.13140167559865393,-0.7208524753673233
577,missing,-0.6285589601703155,-0.19956229046206497
578,missing,0.032666208371871244,-1.8383205147763935
579,missing,0.5264536559522698,-5.19361115945247
580,missing,0.15117739429171737,-2.652808120590337
581,missing,0.7821944268409334,-1.8104544788601082
582,missing,-0.34154466699835245,-1.1833074655459908
583,missing,-1.147760411560655,-2.1626063048861517
584,missing,1.506537882899194,-4.068927987778753
585,missing,-0.4439739023606682,4.668080266428814
586,missing,1.03067293489165,2.6692363517700013
587,missing,-1.514209186677613,1.5867702361867946
588,missing,3.667660841876167,-4.829730295023645
589,missing,0.6255004784016105,4.550215726607891
590,missing,-1.1496953282128226,-0.1643260788533028
591,missing,0.4459774446974914,-0.46700189371524475
592,missing,-1.041969904592847,0.6269361572453149
593,missing,0.2728302065950391,2.1435858230495777
594,missing,-3.008399691695219,6.879342162563294
595,missing,-0.5884292488801826,0.014900787150873618
596,missing,-1.4082077805299833,1.1967287267168831
597,missing,0.5028967451228725,4.875015580829594
598,missing,-0.5352113870927508,4.057833082784947
599,missing,1.741134914928937,0.1643608734040755
600,missing,-0.838481352980676,-2.4969507788906684
601,missing,0.3192462509193168,-4.630319267744314
602,missing,1.844900803688633,-2.673481284446893
603,missing,0.4785447176164773,-0.07442741320088275
604,missing,-0.6257148766303281,0.2547802837403128
605,missing,-0.33050007409643917,-0.21827693687708338
606,missing,-0.7950681540585285,3.958639902455717
607,missing,-0.5662176518784687,1.047060631600648
608,missing,-1.3800874974847748,0.0800987830163521
609,missing,0.3466961647664264,-4.045377973870681
610,missing,-0.3150428117060501,2.260626369005622
611,missing,0.7530362193083201,-2.540341749565634
612,missing,-0.778157773267684,-0.4165807039669617
613,missing,-1.7744892100410083,0.36612710465478326
614,missing,0.08725335248128545,-0.5456438676246671
615,missing,0.886126416418225,0.711464160307941
616,missing,0.6688041141050742,-2.6539492107742597
617,missing,0.9516879802673202,-1.2092471198178383
618,missing,-0.01845699328814717,-0.23892770534521357
619,missing,0.5776677550448924,3.4629724775470927
620,missing,0.2539893908036915,-2.9685402669171657
621,missing,-2.9372448583667112,3.0750135949992394
622,missing,-0.3794238884128671,-1.9158492779131637
623,missing,0.801361537891656,-4.165053317160925
624,missing,0.04819873582030594,1.6921094810628465
625,missing,0.6383547775919673,-1.9985165869966768
626,missing,-0.33870607458211205,5.370927567905763
627,missing,0.8573671466868726,-2.739384284792634
628,missing,0.3260484499397353,2.3640751521594296
629,missing,0.9358793945413678,-2.208195431480706
630,missing,-1.1820228342212156,5.169788133325453
631,missing,-0.0832471008814433,-2.214931483194903
632,missing,1.7244068999814115,-3.3910250394862107
633,missing,-1.487203526888941,4.683464306163167
634,missing,-1.7010334175786748,2.4945206932353248
635,missing,0.618150944512875,-1.2166003170347472
636,missing,2.0885450582861536,-2.56990891282473
637,missing,0.5551607240470877,-2.416483626768686
638,missing,-1.59874380269781,2.5348043911597595
639,missing,0.2792191973693306,2.4207592499957435
640,missing,-1.1317069486672937,1.7191226301939972
641,missing,-0.4877096164780479,-2.5186241038277055
642,missing,-0.2548542389864169,2.7458443619624235
643,missing,-0.3818254384274768,1.7161706694465444
644,missing,-1.0892076920615172,1.5199480729229586
645,missing,0.3589685748482218,-5.168330074264865
646,missing,-0.5867725772219816,0.09543622203776025
647,missing,-0.3899930379834735,0.6262917253071092
648,missing,0.3341387737823705,-4.019368213553012
649,missing,0.9673707523681235,-1.8559764018745288
650,missing,1.1739457835215326,-3.2220177399302052
651,missing,-0.7353822461823015,-0.1666567032723522
652,missing,-0.8194993826476644,0.2598315964499375
653,missing,-1.223344208153752,-0.15670313951559334
654,missing,-0.9597279758966623,4.604656970018992
655,missing,0.6045642550931426,2.3954307542044946
656,missing,0.4282544066508931,0.7304202375050685
657,missing,0.6896784038522396,-1.4559828263166996
658,missing,0.689981182592726,-8.978342511139916
659,missing,-0.7970250754818335,0.08621387480030962
660,missing,0.06819009277724278,-6.149697650959029
661,missing,-0.09801761910724929,2.6287444465471776
662,missing,-2.083868589510984,3.3689886928606603
663,missing,-1.339011124510046,4.307709478030161
664,missing,1.7753086132117448,2.8189457441421797
665,missing,-2.3878575733416776,2.200212861662363
666,missing,-2.398153018635582,-1.907738314508429
667,missing,0.5748342662949688,-2.5568715785001115
668,missing,-1.828610704424666,-2.3022882419855253
669,missing,1.1152028451870033,0.5344913266060718
670,missing,-0.8050290677070886,-0.9826325537324482
671,missing,0.07654662061426698,-4.039743016892119
672,missing,1.1841253580599818,-2.491210769682015
673,missing,-0.3986398539531939,0.8155635547817522
674,missing,-0.2001798541011836,-2.1494463958197523
675,missing,0.009617249806632762,-4.399654446485644
676,missing,0.1931146526383753,3.851418825505157
677,missing,-1.2096752627790064,6.968160074512393
678,missing,-0.8457635201959972,-2.057233011507252
679,missing,-0.562071955298762,-6.548171355670023
680,missing,-0.10132757805365415,-1.572257460819776
681,missing,1.2344541281585453,-2.288330281372846
682,missing,-0.6157543573972245,-5.037553028024423
683,missing,-0.6869661077269257,2.313181496131965
684,missing,1.9963173939894192,1.620674532033588
685,missing,-1.2260441794205457,4.39366492808028
686,missing,0.3144189804024495,0.32231033346318183
687,missing,0.3334845264871782,2.000372202222292
688,missing,-0.658139939849568,2.0793534324035075
689,missing,-1.4138506980671908,3.703011086864763
690,missing,1.2504160914801,-1.8343782363596148
691,missing,1.4984755938111862,0.5358501046064943
692,missing,-0.5814614459467898,4.722361489393306
693,missing,-0.24609080285221538,2.648433969483372
694,missing,-0.8456125729537926,0.5159235818782368
695,missing,0.3292068279998601,0.18807691383045366
696,missing,-0.7638609179677662,-1.0765673930849304
697,missing,0.3674397670916772,-3.5627680314827073
698,missing,-0.17323137924961549,-3.462699337315547
699,missing,-1.427427530704162,2.813583074738522
700,missing,-0.4349206365410205,-4.746716899123712
701,missing,-1.0116517421550966,4.2267802911009795
702,missing,-0.31882218782406185,-1.0085796616493612
703,missing,0.2651141681004528,0.05921881564740408
704,missing,-0.9022494448628425,-2.707881140876511
705,missing,-1.121568923388105,4.098164438536531
706,missing,-0.3812136408205998,0.336389656567923
707,missing,0.19670810039652284,-1.4990111940538176
708,missing,-0.4978426839545939,8.894339523532647
709,missing,0.155391560365957,3.233548194681159
710,missing,-0.012452517691685353,-2.226063443255985
711,missing,2.156486146756543,-3.668242635638816
712,missing,1.6590636874717055,-4.644839914879192
713,missing,0.7925898524994505,-3.7161588675469632
714,missing,0.3598340329349106,-2.538694873471899
715,missing,-0.36716727842204133,3.625894018448027
716,missing,0.5941933933268314,-3.08830239847836
717,missing,-0.15415673618239092,5.3827815235305385
718,missing,-1.2269952205387185,2.435431122255907
719,missing,-0.6115582369822692,1.6566924664060245
720,missing,0.0880822503465882,-1.0447793305075905
721,missing,1.3597189975233703,-3.3269029422230307
722,missing,-1.111962189249628,7.807510741783233
723,missing,-1.4303881036700745,1.309858296622806
724,missing,0.23335041595926045,1.9296486623159192
725,missing,2.0227390885278673,0.1888325340205821
726,missing,-1.1005890159317757,0.8777897911379786
727,missing,0.6483277572035189,-2.9359571903358535
728,missing,0.13163812748665688,-8.939427344104576
729,missing,0.43721118683250865,0.3637087766471433
730,missing,1.2426555820311107,0.5635188957473578
731,missing,-0.6052253335843746,3.291871467577543
732,missing,0.36366575052158423,-2.988964205379782
733,missing,1.2320887035977637,-6.357465129300462
734,missing,1.1668923525440842,0.7833513350383307
735,missing,-0.6840883022816938,4.486612949221076
736,missing,1.4430015518653647,-0.9865504615332794
737,missing,1.750597043820992,-11.637059861424898
738,missing,0.8440788108455232,-5.027785137339202
739,missing,-0.4991594740997939,4.8526376295943
740,missing,-1.8014920170441076,2.291977120830696
741,missing,0.0027032641825408105,-1.1153844893939027
742,missing,0.07356880881326601,-0.9195585316993201
743,missing,0.9237666474038737,2.0457860201460942
744,missing,0.9210267777401663,0.3781618745506362
745,missing,-0.0030028030963918425,0.35971391991641866
746,missing,1.623739957693164,2.624701425711398
747,missing,0.939912319182445,2.607263479456077
748,missing,-0.7462370058684011,4.411428685626336
749,missing,0.9395191023904647,-3.230793018728363
750,missing,-0.49638534913578003,-0.22317061031765117
751,missing,-2.027449542966695,-1.1181076683962416
752,missing,0.18711168785532706,4.51237267434453
753,missing,1.573065749495701,-6.182240074557298
754,missing,0.27660824165444375,-3.692138425917449
755,missing,-0.890449451123594,0.7569542648766046
756,missing,0.3888799925304547,-2.15093019075615
757,missing,-0.24925610349870067,1.0436195969184807
758,missing,-0.33619225688160964,6.174012680099366
759,missing,1.3497639246698456,-5.081155461834127
760,missing,-1.4817643468063488,6.823664041168152
761,missing,-0.515273994184671,3.2561692350295948
762,missing,0.3530966903275461,-3.787446816888334
763,missing,-0.4176213982346602,-1.370872788962645
764,missing,0.9896916808920793,-4.958109140131326
765,missing,0.6288045210814418,-0.14526310070116377
766,missing,-0.22504400991918863,5.198433041516807
767,missing,0.9806472156100647,-1.6584952207223638
768,missing,-1.4506099329901918,6.763928635018164
769,missing,0.5782850273016348,0.9285589225156939
770,missing,-1.5414584497289638,3.9365422634092013
771,missing,-0.13055444824902687,-3.5436237134668263
772,missing,-0.3384116506022369,3.148000644654851
773,missing,-0.25338650282900244,0.5374211791475833
774,missing,0.10174794814436425,2.445942465274104
775,missing,-1.154051552014736,2.400506432512078
776,missing,2.3489776738775467,-1.6048179095220674
777,missing,-0.05434849993240079,-2.390149785543814
778,missing,-3.3934793396406815,10.882898930013743
779,missing,0.10412150629715301,0.5430898349097673
780,missing,0.82499426674124,-5.0708463155266434
781,missing,-0.05949322625506373,-1.49117400453652
782,missing,0.07068711061706316,-1.900245820611147
783,missing,-1.4828081986886974,5.431054228788749
784,missing,0.2561516150273962,0.877384506384363
785,missing,1.2930700522631997,-3.9818326193180003
786,missing,0.7759244558593211,-2.3277653142211765
787,missing,0.5765420956322833,1.525901524273817
788,missing,-0.8345852616634925,-1.12092625618998
789,missing,-0.14646930295434682,0.3384566479378639
790,missing,-1.079689310042748,-0.1712442144578497
791,missing,0.9233528286114235,-3.4369333902826287
792,missing,0.8209699437544954,1.9808978615036026
793,missing,0.21697160623469622,-0.6787273913574889
794,missing,-2.1621650273177027,-0.09908536358784104
795,missing,0.3413571064417301,2.0389027513750237
796,missing,-0.2562462065651245,1.4996576868128568
797,missing,0.5984372849683977,-2.539040525143375
798,missing,0.15913854703245045,2.259659671218906
799,missing,-1.3068972437026922,0.22528005772364718
800,missing,0.010752603914763277,2.1492141187284513
801,missing,-0.9979974555228683,-0.4936986712075226
802,missing,-1.2958906318210701,5.534538489891633
803,missing,1.3874329937422252,-0.4893223128143027
804,missing,1.3232773496416965,-2.8165138130579654
805,missing,-0.61963787601704,-3.427589775357317
806,missing,-0.3235471030948982,4.229929071878571
807,missing,-0.8249525666911801,2.8439664305135635
808,missing,1.5533812609034405,-1.2906373956791874
809,missing,0.43778713313165674,-2.258984933226486
810,missing,-1.343907851307581,3.6324979396301775
811,missing,0.04966692475645126,-1.9247483156175833
812,missing,-0.7503637038112981,6.092065275309191
813,missing,1.713817599083493,-1.5432360739525135
814,missing,-1.2962954258715846,4.101770299879668
815,missing,-0.500212586620646,3.6172258390691745
816,missing,1.4216169641892662,0.33096891527414074
817,missing,1.3314486346241636,-0.4917167597367037
818,missing,-0.8842373804613558,3.8198923703418837
819,missing,1.557180586495354,-2.442442950871248
820,missing,-0.38494304721864386,-1.103788860392921
821,missing,-0.14052525776263125,1.204057460992984
822,missing,0.2058073617580788,-3.0454667191430644
823,missing,-0.6586174148949122,-5.667127937174995
824,missing,0.4168088906578454,1.7019526946284562
825,missing,-1.113046441008755,3.395271027703561
826,missing,-0.30009463990795815,-1.5312660276481036
827,missing,0.4610277808981554,3.3054214633357337
828,missing,0.2436004283854978,-2.161198451855626
829,missing,-0.7266927721797325,1.7861254474999297
830,missing,-0.9450311633180857,2.8108329812419672
831,missing,-0.4461022214419133,-0.28776095240683097
832,missing,0.30128954569987726,-1.7136867099012927
833,missing,1.6956706213555452,-1.414202575013983
834,missing,0.33502040367894925,-4.61997229788692
835,missing,-1.2232423209779986,-0.40884301553730706
836,missing,1.366528341685309,3.3924485757941842
837,missing,1.0040071266811315,-3.8109103729731935
838,missing,-0.35996943811188664,5.220081524419171
839,missing,-0.725730770017487,-2.8812790151875847
840,missing,-0.41633922402962886,-2.342709546385839
841,missing,1.7442586194521763,-5.113476848668837
842,missing,0.5927603037751373,3.14602403498487
843,missing,-0.7950892291153246,-2.9521125527496306
844,missing,1.2312485578643197,-3.068202909051792
845,missing,-1.441648946191705,-2.3487024474597646
846,missing,0.4969932988643407,0.4196829782348308
847,missing,0.7891630991753217,-0.4590578149482748
848,missing,0.272335007337289,-1.4608556456136481
849,missing,0.6507499257691057,-2.9919507310532842
850,missing,-1.4064432587803344,-2.1541020413962153
851,missing,1.5540574056394554,-5.480145404583829
852,missing,0.41492025270530386,4.723094713223444
853,missing,-0.8378220499961189,0.6500485213904341
854,missing,0.2377043742309115,-2.7750855595414614
855,missing,-0.31599306140081823,2.200794013319173
856,missing,0.44571168756785146,2.240083471703928
857,missing,-0.2062179507609142,-1.0614747406723959
858,missing,1.111890881493286,-5.12069295377558
859,missing,-1.2130778385153111,-1.0111155919742223
860,missing,-0.07271087444588796,-5.164951030462442
861,missing,0.5976560197298975,-0.17000393293308735
862,missing,-1.2755706435503076,0.4823228367896777
863,missing,0.8520552962391421,-2.8005714498624177
864,missing,-1.1297259327900284,7.164474172839
865,missing,-1.0315927617392688,5.914830114200294
866,missing,-0.7849948384558454,-0.6045335702054933
867,missing,-1.562132401586938,4.634943169077266
868,missing,-1.2652017158299447,3.250246610561105
869,missing,0.06884542822628047,1.0966833035641166
870,missing,1.4272961024031734,-2.954948416462103
871,missing,0.10112012687793062,-1.2039191381908332
872,missing,-0.38104042106026337,2.8761661831107284
873,missing,0.8438408594012247,2.0026374954049113
874,missing,-0.8348212411217453,1.5426152816453944
875,missing,0.06954421596640413,-3.36344574140302
876,missing,-0.17216042239997625,2.664066933922025
877,missing,-0.8861576993277335,3.292452692248946
878,missing,-1.3538008936545567,4.633417097567956
879,missing,0.8684053534113857,-3.1281605927305183
880,missing,-0.5912126001848406,1.0376314330669358
881,missing,0.15472471676476957,-3.0627062521376387
882,missing,1.157776818769487,-3.921912611470603
883,missing,0.2572197862806894,-0.37040916715564887
884,missing,1.6381234535421272,2.5036203354039115
885,missing,-1.9395867332333405,1.8981710084803343
886,missing,-0.7034813468116439,-0.6439766178884363
887,missing,0.5889532016804789,-2.175129031897761
888,missing,-0.30004630703061025,7.155278320786642
889,missing,-0.3683577901042138,4.736057577339758
890,missing,1.9464659508244289,0.697126099439324
891,missing,0.44924872357865747,-5.918907155189373
892,missing,1.451047795181569,-2.077085140570116
893,missing,0.5252342957063953,2.85522614606851
894,missing,0.7948334784251427,-2.928535625003952
895,missing,-1.155680319090313,3.0734888138685053
896,missing,-0.2342777927935239,1.6255833593488225
897,missing,3.769208597607688,-5.799006660731231
898,missing,1.504295234873208,-2.361792881257836
899,missing,0.15766548879092382,1.559985083943218
900,missing,0.21995580830366782,-0.3022185694679658
901,missing,1.6102811007684585,-2.4220254714046856
902,missing,0.2436186590288637,-0.8367067202601789
903,missing,-0.6951347921381003,5.488684297250645
904,missing,-0.0033553881231912918,2.594171554701382
905,missing,-0.6218559252271176,-1.5587532100465498
906,missing,-0.8621161037005619,6.081294203192366
907,missing,-0.0016672276126624582,0.32723291149763617
908,missing,0.8104008332112952,-1.1123067296644096
909,missing,0.5595693288057086,-2.4798230101298637
910,missing,-0.7994930939828924,2.9739506486877074
911,missing,0.08365598155876985,-0.3311921103267842
912,missing,1.22849141004958,-0.07386292211244316
913,missing,-0.09191709126667594,-0.7892181607333513
914,missing,0.31451207292816047,-4.128486087703518
915,missing,1.9135164259338773,-5.511054962500906
916,missing,-1.3889677217598997,6.397518333163519
917,missing,0.5473565110273522,-1.5043090040318234
918,missing,-0.057800294927261416,-6.303759432398488
919,missing,0.9684850946143713,7.722401079040049
920,missing,0.9807805260868576,-0.3493686452366497
921,missing,0.8449104835928817,-1.7471965183035916
922,missing,-0.9617160705911781,8.969626293741984
923,missing,0.9376102214866238,-1.8756645735476953
924,missing,1.0268381148310852,-0.04390339118724517
925,missing,0.5342348891967433,4.144548649335702
926,missing,0.7444134696737582,0.31725648891277547
927,missing,0.673105198808638,1.76032606589222
928,missing,0.8932282137533634,-2.9539174921065556
929,missing,1.4694458971304196,-1.7721548292962674
930,missing,-0.49676908197135583,2.953236182887319
931,missing,0.2806108629184783,1.905328001696897
932,missing,-0.18308073872667646,-5.416046966923185
933,missing,-0.9559121297955095,6.370374939567466
934,missing,1.0551154736514319,-3.313444080991296
935,missing,-0.7804056501118326,-1.9132763570110969
936,missing,0.18379160236796002,4.529649552828174
937,missing,0.6476517304061946,-4.165935231352912
938,missing,-0.36795562498889134,1.2140582905712594
939,missing,-0.5672038137351643,0.7221173939013181
940,missing,-0.5923626811662117,0.6963116620931388
941,missing,1.21757447937521,-1.0485405127305667
942,missing,-0.9962595313481545,1.3927563315501688
943,missing,-0.045889152600103775,5.43369738825572
944,missing,0.9789058744286437,-1.2269823418545225
945,missing,1.234369128462121,0.27208933142908875
946,missing,0.2646399294666846,3.256395077640316
947,missing,-1.499460578409186,-0.118443356019794
948,missing,-0.4896897242523532,3.7060788277159045
949,missing,1.9366766707737484,-2.2374592952747134
950,missing,-0.6589722334717876,-1.7373442867672997
951,missing,-0.6957145888010551,-1.6112118660878045
952,missing,-0.9105457253397625,0.6684528719387453
953,missing,0.7042191420482037,0.8590333875384946
954,missing,0.9637650145033286,0.8324842640676786
955,missing,-0.9008819601586443,0.914425749028003
956,missing,-2.9160143915519225,4.592490677242084
957,missing,-0.420006426303711,3.3216859559712844
958,missing,-0.13952729997150193,3.6631670594977757
959,missing,-0.13067453696250136,-0.7023137880776389
960,missing,1.1394756931115626,2.026069371774316
961,missing,0.6025932384841068,-2.1912907071449657
962,missing,-1.6367236605564455,4.7210555285341105
963,missing,0.09908115182892326,-3.6488382676305084
964,missing,1.1789679718578836,-6.5463399725995
965,missing,2.1692772736681256,-6.3182992571809224
966,missing,-0.8142178606941309,2.527749908853889
967,missing,-0.23729791726937566,-0.6708671871131207
968,missing,1.8950922734246218,-2.4141721070827904
969,missing,-0.7570617939729881,4.360246952825949
970,missing,1.6885013955334933,-6.693908252906399
971,missing,-0.9929053253009493,-0.334032365240009
972,missing,-0.36195865747164885,4.1800257942836145
973,missing,-0.4891820946437756,-0.603315186577555
974,missing,-1.3826060613026245,6.808439050386286
975,missing,1.183101747255318,-5.5881313331289855
976,missing,0.42741289865774296,-3.2273955228128903
977,missing,-0.5210335646177776,4.321348710533595
978,missing,1.137546462153873,1.4792717794233348
979,missing,2.2974056092364936,-5.236395139095023
980,missing,-1.5542341528450259,6.023416856716058
981,missing,0.17289482044653864,1.429888865893286
982,missing,-0.7091089565892046,3.0749879248559573
983,missing,-0.5178005512136173,-1.8385606307052926
984,missing,-0.5100352080490956,5.313037436356219
985,missing,-0.47653164347636684,4.605668020623892
986,missing,-0.1715911977209787,-2.5801901644485628
987,missing,-1.1402171778211316,-1.839757439890958
988,missing,0.46305961936653794,0.06516141374112427
989,missing,-2.6102134897097264,7.927894157848076
990,missing,0.3902661256398277,3.1873508510953146
991,missing,-0.9827691040259545,1.672312602358587
992,missing,-0.4062507492463397,-1.8469631377735172
993,missing,0.14613638002902182,2.005595597235247
994,missing,-0.3724248447006889,-1.235030549650298
995,missing,-0.08826821401195532,-4.488691902124531
996,missing,-1.5951709541122205,4.647960352765982
997,missing,-0.28154985834964,1.4909120280836148
998,missing,-0.5522243448800477,-5.0198591978477145
999,missing,-0.3673978558619362,4.667814647941006
