data point nr.,x1,x2,y
0,0.9131965283475734,missing,-5.000955129835488
1,1.2685465092216737,missing,-3.4844049924234137
2,0.5952817015434326,missing,0.5200197663856436
3,0.32606317624061165,missing,1.138536539136115
4,-0.20675560399349274,missing,0.5426798624270184
5,0.08867043607080083,missing,-2.708668227038737
6,1.7622164857069123,missing,-16.8281934882913
7,-1.255725514774777,missing,6.178811252963619
8,1.1301444850997866,missing,-4.227493124271865
9,-0.37750853465897705,missing,5.979431485955655
10,-0.22941959666424294,missing,-4.999533834399383
11,0.004096055033783593,missing,-1.8378274948229187
12,-0.3785449961967022,missing,6.601029564219601
13,1.308330763455026,missing,-8.017668242223108
14,-0.6889707665774256,missing,8.000857619054917
15,2.4856372000561655,missing,-12.809441210867051
16,-1.2005308028484427,missing,9.196663137626425
17,-0.0007722906224589082,missing,6.313709683904646
18,1.506544783892182,missing,-13.20792542591347
19,0.07688684186384143,missing,2.151918228950709
20,1.938226548810646,missing,-20.231339147277623
21,-1.3093818435241584,missing,12.51072448755104
22,-0.1440244893933045,missing,2.8440832103251807
23,0.4730739643635117,missing,-1.929813502389832
24,1.134527319308996,missing,-15.089750819589357
25,1.0134205346619196,missing,-7.554185228700742
26,1.1027858149712457,missing,-9.485960005173197
27,-0.6735650048677526,missing,8.912744492361139
28,0.2256610506466815,missing,3.6297568223162924
29,1.2870833074692454,missing,-16.939381348862703
30,-0.712687818519052,missing,9.932211380099197
31,-0.44196456753093766,missing,1.849727366619041
32,-0.24004757663775333,missing,6.161566893021851
33,0.10393794710487206,missing,-6.500504270926057
34,-0.08089620832595304,missing,4.017109007704969
35,0.45265668335160436,missing,-3.907052287013053
36,0.9713479402188926,missing,-9.135340874730366
37,-0.9698756816274846,missing,5.752247189433282
38,-1.5494603232710196,missing,19.816176493259483
39,-0.8460395117608897,missing,2.2784641685726195
40,-0.24950315443789492,missing,3.4735058153262206
41,-0.37983123889554077,missing,-0.8693924900684541
42,0.16450246720518202,missing,-4.238432495772407
43,-0.24990145066348407,missing,9.60717608867222
44,1.2564998004475179,missing,-9.004143973935284
45,-0.4198951227083773,missing,3.1783007203725626
46,-1.2240390830895271,missing,13.310132111936635
47,-0.7971379038421544,missing,-0.45972924211955646
48,-0.00958546252446507,missing,0.7571137067759196
49,-1.5298413300112053,missing,15.235926458338966
50,2.16011825048816,missing,-13.47198284067377
51,0.22062180762226108,missing,8.24989088816908
52,-0.3538852682751603,missing,-3.513670917611523
53,1.59931843622087,missing,-12.080609840223685
54,-0.21356479563910272,missing,-6.552842116220996
55,-0.4889410979063033,missing,5.680408028752636
56,-2.580937667130162,missing,28.721940630747806
57,0.000519337935647179,missing,2.5463188528682
58,-0.5552927122118317,missing,10.489698694726222
59,0.23665632561739944,missing,-1.4856429051658384
60,2.3301570199522676,missing,-11.697408635388653
61,1.093808168255421,missing,-10.333564225222382
62,1.417254359681349,missing,-10.329904240138994
63,1.590371254075731,missing,-14.381248489975906
64,1.8343266501863316,missing,-12.275775346674564
65,-1.6311698415912042,missing,12.968367781990946
66,-1.727966683247526,missing,16.986150239414513
67,0.6153507479660063,missing,-4.009240666112705
68,-1.1497096361285515,missing,7.3189745600209
69,0.9409935217960239,missing,-7.284248894664094
70,-0.11216301224219907,missing,-0.5196314529973793
71,1.3902467994566645,missing,-6.6515785337140825
72,-0.5745771093481351,missing,2.597916520822134
73,-0.2592610158366741,missing,-8.200433461805012
74,-0.14191001905907563,missing,-3.175099432939733
75,1.2598879204184592,missing,-12.388742970395793
76,0.836569708297854,missing,-9.919957082112008
77,-1.437196148107635,missing,12.771586806423823
78,-0.4395716253231454,missing,4.2062141019074275
79,0.34084430136789573,missing,5.098557153224599
80,-1.4691226976561436,missing,18.215965668886707
81,0.6617098957729519,missing,-12.608774922602317
82,1.2459617961830165,missing,-12.551030076529692
83,0.8730132498147147,missing,-9.731927845566931
84,-1.4267904884443776,missing,5.866167406555366
85,-0.39160754140238596,missing,-4.872665780413873
86,0.7540366678305894,missing,-2.4779628548969135
87,0.6853596868854102,missing,-10.311007260466397
88,-0.46677851800917736,missing,3.771502033423119
89,1.1785006073345055,missing,-12.697550729276154
90,-0.7033052554366392,missing,4.598248057454979
91,0.34449738583722667,missing,-1.9752509492437471
92,-0.7814967209889219,missing,-0.18358432460695417
93,-1.8917969059351036,missing,26.485162355698673
94,0.38303998741326745,missing,-5.24722752045238
95,-0.8294093336755332,missing,7.820238774269429
96,-0.06052564574529971,missing,1.8859649978447575
97,-1.1546027723562424,missing,13.08900983821368
98,-0.9839215262226378,missing,12.564763479573411
99,0.4617996021729307,missing,3.0423201572382546
100,2.162600994276857,missing,-24.32627485763594
101,-1.106707694349393,missing,8.059636234970842
102,1.0184068675487785,missing,-9.553350020938247
103,-0.5742265915744547,missing,7.826825688527169
104,0.066409245532177,missing,-2.4756338243366787
105,0.4311020318821931,missing,-4.2464476439776835
106,1.3907739101079009,missing,-19.163849195702895
107,1.1028218335876752,missing,-7.909742510053379
108,-1.986749498599314,missing,12.351304520853144
109,-0.2757790701830356,missing,12.576573589092067
110,-0.2753224022560236,missing,-3.1459610901682735
111,0.33913560713556706,missing,-4.310221311390068
112,-0.17164784315473894,missing,0.21383311265957444
113,-0.8998988927655033,missing,6.467933037787119
114,-0.26984470802538996,missing,-2.6033371556389815
115,-1.5706562427838984,missing,3.0628553388919273
116,-0.09090541817970928,missing,-0.26386342348731867
117,-1.8086681826790003,missing,12.348132200763288
118,-0.28544502131063193,missing,-13.043428093144694
119,-0.5602489514912063,missing,8.91585891214939
120,1.0735424995377985,missing,-5.402171303730526
121,-0.5697979524929246,missing,-0.5552024594816777
122,-0.44032829908366855,missing,0.2456503348201886
123,2.2533771909088456,missing,-15.790269168868923
124,1.4937393229591465,missing,-11.778120520592076
125,0.22355234855695025,missing,-1.8458797285185802
126,0.1960935632428358,missing,-9.382103012094746
127,0.8731220957945046,missing,-2.0155355902925876
128,-0.5806613249246166,missing,16.650916078947173
129,0.3875024697710779,missing,3.641134490335284
130,-0.15781641359543044,missing,-0.1767472261048013
131,-0.8406460894110719,missing,-0.8988262257058568
132,0.19315429352125046,missing,-4.083410084297247
133,-0.21848104633309012,missing,2.9372695481809092
134,-0.24149028129336217,missing,11.564496999387325
135,1.602187798896425,missing,-12.403505336945772
136,-0.5679451532631944,missing,6.227072558718051
137,-2.2741792319893706,missing,36.02839319089975
138,-0.24074941647911965,missing,1.1142932923414868
139,1.31606408412627,missing,-11.269324434577268
140,0.1796929385795014,missing,-5.965565615402504
141,-0.2895514759799737,missing,-1.4272384375637646
142,-1.3394078325340018,missing,9.521311267737053
143,-0.183400891033388,missing,-6.640511152404129
144,0.3257981120734836,missing,-8.172658127382627
145,0.9944887009762216,missing,-11.245913405040342
146,1.2439005192777806,missing,-12.833795734401107
147,-0.7027768310746576,missing,5.631895378581719
148,1.3176465483845539,missing,-10.417629700424992
149,-0.3903757178205758,missing,6.205221894721017
150,0.37654574448795386,missing,-2.4767177587177835
151,-0.8182964900391506,missing,11.62593493144327
152,1.455876995104886,missing,-14.997738032914155
153,1.7773138971691347,missing,-16.738774064566925
154,0.09867047746130746,missing,-4.131038215329996
155,-1.0713694714507056,missing,7.04932122239791
156,-0.3204200133052241,missing,-7.668993811392477
157,-0.5083818592152206,missing,-3.298439745560264
158,0.21316529894597921,missing,1.2778384538467251
159,-0.8305624034038137,missing,14.370151628531342
160,-0.3208176211709867,missing,3.886673321466719
161,-0.6701862652720019,missing,18.19920823020804
162,-0.6788689468407365,missing,1.9404376457542893
163,-1.2679366261334795,missing,5.114887898710801
164,-0.059895867541080165,missing,3.811382893814321
165,-0.06834503618461031,missing,7.719373829542029
166,0.40703554049333424,missing,0.8263688794489367
167,-1.4602601413580905,missing,20.19753653562609
168,0.7000732792518986,missing,-8.80551799294121
169,0.027655059121464827,missing,4.551831991662521
170,-0.39702115607598343,missing,-0.5816040928197934
171,-0.2063233281776917,missing,0.8854254900575813
172,-0.401061426989788,missing,3.8970312622440075
173,0.7891799605071504,missing,-5.379629397875693
174,-0.9104236802789452,missing,8.082087370555154
175,-0.7888124655197734,missing,3.3371686271491647
176,-0.0058639379196409385,missing,-1.742897282633395
177,1.1618972103886656,missing,-15.889768300250026
178,-0.021491250609517076,missing,-3.596616823473197
179,1.2051201866827421,missing,-9.601037246901589
180,0.2920305545312492,missing,4.714750681676116
181,0.4861657373535391,missing,3.3503404791695783
182,0.35102523546139786,missing,-5.850663171731596
183,0.517009063257815,missing,-3.8944440815349557
184,-0.8350314272903671,missing,17.180869833958624
185,-1.9686773718757167,missing,23.962976729010034
186,-0.5946797307882878,missing,-6.121005361955025
187,0.020143709442353126,missing,1.6501449931417411
188,0.4847610676433286,missing,-3.194625386642786
189,0.6388280990727115,missing,-3.1983887197152416
190,-0.5555934805863727,missing,10.856751721580954
191,-0.48383572742481773,missing,12.667500723132404
192,-0.3808002904978475,missing,-3.5190025415894297
193,0.3007689775038491,missing,-8.407561413630255
194,-0.8683136917047953,missing,13.777335096530612
195,0.5045985493260122,missing,-1.5906367391939886
196,-0.4141923040002386,missing,-10.32299023948236
197,-1.1660658448938215,missing,15.17993386743749
198,-1.5298109837002727,missing,23.46196348861515
199,-0.17969791905920923,missing,-4.477650798558525
200,0.7556015624884967,missing,-10.821788523109149
201,-0.5511032986109122,missing,10.192476347470192
202,1.0170608702533792,missing,-9.56072679455009
203,-0.6768223728710436,missing,1.6545979404808848
204,-0.7900637755458045,missing,3.2204186771569603
205,-1.3473160721765423,missing,17.528724105180235
206,2.263308188164586,missing,-14.83294556597807
207,1.9174353756938474,missing,-16.756152644798433
208,-0.007633987143428654,missing,-5.069211805625307
209,0.8492464690017021,missing,-3.2487281075184953
210,-0.06875983899370101,missing,4.069530596452499
211,0.4534986283858624,missing,-2.3315026043045948
212,1.8002842173889708,missing,-16.865427530005817
213,-1.3962875531233259,missing,15.547580538833124
214,0.4350209727938006,missing,2.106718406990555
215,-0.06780032959950023,missing,-3.8107873644356585
216,0.28385180088844375,missing,4.622094156186605
217,1.7709737617548917,missing,-16.43469295467866
218,-1.4441430867951155,missing,9.824735614119803
219,-0.40031525913864124,missing,7.691158783041121
220,0.5321307895676992,missing,0.705498821749707
221,1.7591904281966158,missing,-9.277060639254469
222,-1.119570347121599,missing,10.957464790560977
223,-0.8584659250474711,missing,13.508046431277291
224,-0.12957392870410045,missing,8.86845534633946
225,0.5219260992498824,missing,-1.911062777079525
226,1.139417276448721,missing,-6.941315280581407
227,1.7083724155842182,missing,-14.80114612990554
228,-0.40570796612860566,missing,-1.753738527894369
229,0.8929735387482065,missing,0.05646227261349546
230,1.4455563910682565,missing,-4.855375320686192
231,-0.5272278073638214,missing,3.4841369333646504
232,0.3520030274086816,missing,-20.010526324114217
233,1.0909548315305262,missing,-8.340509281629272
234,-0.5060061720451606,missing,7.921241498585487
235,-1.4736749153283952,missing,7.0564951075676765
236,-1.3279385303703013,missing,8.852139578504657
237,0.9541815194884156,missing,-15.216673691329214
238,2.8583945476722525,missing,-28.725622584876326
239,-0.39740821185097314,missing,5.918873492534698
240,-0.42407742071055243,missing,1.5079022919036995
241,-0.21385808350507482,missing,1.2531316627794917
242,-0.17373782352703013,missing,13.584018442372265
243,1.9330785127767633,missing,-8.749831506346093
244,-1.0359921485252561,missing,10.477152714613664
245,-0.6808202174777859,missing,15.83245857963302
246,-1.9253618159404617,missing,19.08734370664809
247,1.9129676597553407,missing,-13.608348452978882
248,0.053141614172054104,missing,3.0998265583190934
249,-1.245958251969156,missing,19.479509184535377
250,-0.5250991815419688,missing,-0.9544036391929824
251,1.5243916053040847,missing,-17.53067054860712
252,0.819280618067884,missing,-3.9172132514647444
253,-0.9166914965659491,missing,13.1894978939893
254,-0.60080079422407,missing,11.398096996639628
255,-0.7892192086705702,missing,10.361134593586867
256,-0.9881508320208642,missing,9.03891255289194
257,0.1980293800889683,missing,-9.45565983189695
258,-0.1921278349180555,missing,-4.695944646068503
259,-1.9288810525484337,missing,13.582863516773465
260,-0.6336090327303967,missing,-11.02959673649518
261,-0.20845045973539145,missing,7.251167382350858
262,-0.4035845047594308,missing,2.728938574859189
263,-0.3357609348343778,missing,0.2685489514251931
264,-0.2767212743184989,missing,7.136102753301589
265,-0.6065105643242538,missing,4.71249562633239
266,-0.2692100194811898,missing,11.338961922927002
267,0.9148256284364101,missing,-9.6525862991108
268,-1.8570425204787973,missing,9.181850318737643
269,-0.26969094611511574,missing,-2.145399921411737
270,-0.06488297807147217,missing,-3.2901010107549595
271,1.2755521148109807,missing,-2.7053364704112135
272,0.5136051168711312,missing,-5.382682458273012
273,-0.39393668891816147,missing,1.4832722611767597
274,0.5423880957929826,missing,-6.544523179860807
275,1.2210469602373029,missing,-13.688709740364805
276,1.0925501415266345,missing,-3.2949602564082565
277,-2.7909122409275895,missing,26.468131675047218
278,-2.357669120397784,missing,14.04995664124037
279,1.888636671356959,missing,-20.024119542169018
280,0.1270739375276602,missing,-5.684526805228593
281,1.3217992034260173,missing,-3.9969058135535684
282,1.7867524011278615,missing,-17.413835695657117
283,-0.3272526465253177,missing,12.952644182193023
284,-1.7870468764941672,missing,9.477794634879906
285,-1.4763810860641233,missing,11.768021652346299
286,-1.5976182354314534,missing,16.544910339244527
287,-0.17045448663237106,missing,7.326416079120879
288,-0.39780216730398044,missing,15.234186507034082
289,1.3994205731366092,missing,-7.349090293067034
290,1.8342162686036465,missing,-7.366875036224972
291,1.0163719360729238,missing,-3.83802863939232
292,-2.2439231348836834,missing,16.967976063988775
293,-0.6149455276709893,missing,-6.717382079867907
294,0.145780218422046,missing,-5.3682053318539324
295,-0.7299812908069853,missing,2.5209231941800305
296,-0.27390215636273807,missing,7.779044757454903
297,2.207609642299923,missing,-28.438717567039618
298,0.23488930935419575,missing,2.236856551042168
299,0.1570579244964229,missing,-2.771949967975011
300,-0.13696335396459727,missing,2.9466990710204226
301,0.4824247452156208,missing,-4.6983216970267
302,0.00698575727196258,missing,1.8031948125590098
303,-0.9855578125513855,missing,4.053181641548134
304,1.0770861536535348,missing,-10.398031004526429
305,-1.0115471731597017,missing,13.672044512551212
306,0.13974357333387086,missing,-4.289834740266752
307,-1.3744207923303484,missing,5.688883056438183
308,-2.111930589272847,missing,17.712403311956308
309,-0.5454652408354951,missing,18.251897851177418
310,-0.8836771567364232,missing,-0.7294332579856391
311,-0.07724454880928557,missing,-0.41142717218616387
312,0.8288802037533104,missing,-5.426010861264726
313,0.2467076804186514,missing,-0.32940296214968035
314,0.08729516214559825,missing,5.644133677995854
315,-1.088748667376487,missing,7.954229330100555
316,0.4699870719341806,missing,-7.67527089607493
317,0.5899917669320162,missing,-3.7781626932277796
318,-1.249495243288584,missing,10.47463240113783
319,-0.6400031080713744,missing,17.040818382012645
320,2.1047920031535834,missing,-10.880641020260219
321,-0.5082959261032561,missing,19.613105321353995
322,2.2575619076810653,missing,-17.691310323407837
323,1.169376076222795,missing,-3.7226196875579176
324,0.5901789663758462,missing,-6.1777419824999384
325,0.6623879186706344,missing,3.0907086774265684
326,-0.6217367671757145,missing,8.191226448918288
327,0.8351444585542394,missing,-0.7502820194974339
328,0.5105669162779018,missing,-8.365955946315497
329,-0.040246744222975625,missing,7.461981246882241
330,1.4124948271320379,missing,-20.81847638833931
331,-1.2309154730374572,missing,12.97166832647684
332,1.8047103724617797,missing,-10.152752103517777
333,-1.0484462933623597,missing,4.117331559034271
334,-0.4773890806977479,missing,9.545952723357264
335,1.3474070363779804,missing,-12.56366563360304
336,-0.757948588398053,missing,7.85961145132849
337,-1.1535444814651241,missing,2.932465163617928
338,-0.9222318156465223,missing,8.277074610237799
339,-0.5475264542127709,missing,4.813689994578932
340,1.2273645471437713,missing,-15.814428257420738
341,2.0971186245343225,missing,-9.342285712427751
342,1.0996273202304978,missing,-10.449480007528331
343,1.0502961402155673,missing,-10.33803349447573
344,0.7389461622382911,missing,-4.568570339641731
345,-1.3417719113604571,missing,9.610581625118012
346,0.06161673501325976,missing,-6.199997028921917
347,0.6959253116801908,missing,-14.163948535662751
348,-0.048334974593335085,missing,-2.677162901831586
349,0.8654614994756646,missing,2.1673137165629606
350,-1.3357468225220612,missing,12.658591524283562
351,0.30611636463430336,missing,-4.5375880371122035
352,0.22782573369991074,missing,0.3650277998297129
353,-0.6669400005896066,missing,-0.7847145270625587
354,-0.398045092345151,missing,11.087547816729593
355,0.9760214505326996,missing,-10.616697189198476
356,-0.5480312860987009,missing,-0.32889473248427636
357,1.9924173046871467,missing,-18.284819208274623
358,-1.5789679908883312,missing,13.820240059295518
359,0.7253021494172278,missing,-7.6612766543987325
360,1.3212278199931689,missing,-3.3491703041392555
361,-0.1344709681636832,missing,6.007826150918538
362,1.0122972900903358,missing,-7.134951608645389
363,-0.02445052899934519,missing,-6.212116107725662
364,0.5491960676819504,missing,-2.527436660514006
365,-1.0486566487881421,missing,13.266759505457491
366,0.5061627746756157,missing,-10.73185973338985
367,0.1900288355919595,missing,4.115147211088894
368,-1.2741697191035612,missing,22.34001155212344
369,0.02343716503341037,missing,-3.9442098628440654
370,-2.718255520628422,missing,15.567994206646395
371,2.093996622468028,missing,-22.066384012778798
372,1.1821528578961775,missing,-4.106009084160913
373,-0.07016768431671366,missing,-5.129646977047985
374,-0.8960032886606346,missing,1.3423019679647241
375,-1.0530966040978313,missing,2.1300954720336147
376,-0.2296279007563202,missing,11.590858154902737
377,-0.6454762668360062,missing,6.796792741762851
378,-1.2156094230502952,missing,7.644062090254641
379,0.15749496726277498,missing,1.91063184818268
380,-0.27995577780800013,missing,3.5514857934043587
381,0.15556422707951256,missing,0.8460229269340427
382,-1.054080699865162,missing,-0.9950173774795368
383,-0.6016250502645446,missing,15.923292585913202
384,1.4508221963737598,missing,-7.897210125465982
385,0.41770753785901216,missing,-10.215177152071595
386,1.0554885944019137,missing,-9.22425537329772
387,-1.0954159526098344,missing,13.140022749526501
388,-0.0343379521318302,missing,5.133670997130806
389,-0.9017523195506076,missing,2.2493876373140997
390,-0.6009754515720069,missing,8.62387661349979
391,1.2150638421688857,missing,-11.584429871103623
392,0.8715905016385792,missing,-5.938764483195698
393,-0.3386308861091889,missing,0.5848560718827633
394,-0.007327045767808292,missing,-2.0699664259633925
395,0.6099495678988888,missing,-3.444602926384124
396,0.12377679321918873,missing,-12.020672389622348
397,-0.14442421198625738,missing,-0.2490459202653264
398,1.1537069396457975,missing,-12.570863375568273
399,2.103974411345978,missing,-20.105644399314205
400,-1.428327651544934,missing,16.621752299197553
401,1.1055959089011895,missing,-4.165751132712737
402,1.2414156460221162,missing,-15.269278544038903
403,-0.5799824602914682,missing,12.181769325060118
404,1.0867564101543337,missing,-11.705215310103505
405,1.5036045947518177,missing,-19.303216298453172
406,-0.3356219000905227,missing,3.519599839196016
407,-0.2487335173534952,missing,-4.754170569174985
408,0.9313777112407856,missing,-7.837857186731345
409,-0.8652089833513831,missing,10.499494724765977
410,0.1499724101347758,missing,-0.9381921132957018
411,1.1434456950444125,missing,-6.994950690586305
412,0.08612543258475178,missing,-5.706286811312286
413,-0.9332664395808922,missing,8.745642950577675
414,0.10871127500938207,missing,4.601832630211287
415,-1.037135317948991,missing,15.521293633349941
416,-2.4474530833846875,missing,15.93689695476043
417,-1.47738858941899,missing,21.27723089240431
418,-1.0792494956191012,missing,9.484067087420941
419,0.7285150842234515,missing,-6.6163339986210845
420,1.4504391304643147,missing,-8.15061892907019
421,1.0997204699457563,missing,-0.3636326837807109
422,-0.5290505497938746,missing,7.0147302190411605
423,0.1068600860804606,missing,-4.121067847960016
424,-0.4063410103464672,missing,-1.7894291907375455
425,0.4612309903963178,missing,-5.486260872136229
426,0.7873560261316989,missing,-5.947368431717395
427,-0.6917808939291774,missing,3.2975637626487506
428,-0.9935573745262154,missing,8.397857686493232
429,-0.06087166161196998,missing,6.409508972132847
430,-0.2337472494653466,missing,5.958978547763196
431,0.09903607699776347,missing,-2.426069074698861
432,-1.021816699452755,missing,4.483408574705926
433,-0.9459201169976343,missing,6.779195865289791
434,-0.43572227656073353,missing,8.814288920823785
435,-1.8258412417062897,missing,12.590176771163465
436,0.7627194592169392,missing,-7.07963016118476
437,-1.0420309201537012,missing,14.510822558738974
438,0.31760910734098535,missing,-4.231906524401051
439,0.4386837394808746,missing,-1.9687979572881589
440,1.2834467399510299,missing,-7.26322063551336
441,0.7489938279464837,missing,-10.604721972449985
442,-0.2269002216919623,missing,4.269443054546655
443,-1.5742207429265171,missing,6.690535911422925
444,-1.8386978180611242,missing,9.864766516676756
445,-1.592710068486631,missing,13.596563351974837
446,2.271313337168628,missing,-20.76359343191554
447,0.449070938854775,missing,-4.647788926188302
448,-0.12038044075024038,missing,-2.859055175460561
449,-0.5520446335348146,missing,3.821348470832481
450,-1.0124182175015242,missing,9.348200110009678
451,0.048699461933431124,missing,2.2359217870350037
452,-0.3164812572316956,missing,9.022353221133008
453,1.3109910232849802,missing,-11.74949705099585
454,-1.6774260336944185,missing,8.342163845820533
455,0.28019241478045726,missing,-1.0198295602612335
456,0.03519593914282841,missing,-1.762677367708912
457,0.22612891587731168,missing,6.738798835914188
458,-0.3639983647303061,missing,10.739436749778703
459,-0.9145168164913741,missing,-1.6614062614265828
460,-0.818565992518744,missing,6.735372121087936
461,0.322271373517064,missing,4.4703636291420885
462,-0.6394485730947259,missing,6.183322974434812
463,-0.8108303799215673,missing,5.224774004865815
464,0.1787182597561415,missing,-2.9237652057454513
465,0.24803685185563815,missing,-5.809126043934097
466,1.2234029188067521,missing,-12.499290875653896
467,-1.7617454505357375,missing,18.685758238555724
468,-2.288748866356918,missing,15.372450007086671
469,-0.33334080981649117,missing,2.1130194227542844
470,0.5638691083461724,missing,-5.035922407047405
471,-0.6527095166224695,missing,14.061379649628137
472,1.4389758089068794,missing,-7.083241324678413
473,-1.0142669394917874,missing,12.761379896094855
474,0.9410755445547323,missing,-7.216435952310844
475,0.1819121678408556,missing,-4.754568618816162
476,0.46477771942819734,missing,-4.239442585274433
477,0.8157153010551278,missing,0.9962132459940634
478,-1.0965282750933518,missing,-2.587651232675734
479,-0.05327996437875889,missing,8.49718585197855
480,1.3459869937163764,missing,-11.378047493847705
481,1.3021194231460078,missing,-14.874769258087621
482,0.481912017058989,missing,-9.932892211097698
483,-1.045425226550702,missing,12.834891941189342
484,-0.29713079997676334,missing,3.198598746926245
485,0.19981056269865724,missing,1.948923766281508
486,-0.907447509428077,missing,7.59302239522749
487,0.21893950575638513,missing,-7.980548288819519
488,-1.144083501231113,missing,7.440530222756727
489,-0.8974063422096806,missing,13.83951318877075
490,1.9948508865613108,missing,-7.76750300478426
491,-0.0492691119922891,missing,-1.5442707816154453
492,-2.300615476071492,missing,22.319236572400744
493,2.3179550603634973,missing,-13.40399395132289
494,1.6072729248732565,missing,-14.661661874708296
495,0.6384321784358438,missing,-10.277988304066547
496,0.03144785573257403,missing,-7.494694145354463
497,-0.2761609149868592,missing,-5.818734323070337
498,0.29713317900534947,missing,3.8683636525335334
499,-1.646700238697095,missing,15.09714576912253
500,-1.7617999946061746,missing,15.311887893428418
501,-0.6085077835199868,missing,7.582040032057102
502,-1.2412839247677345,missing,22.944816907588816
503,0.12481930885354231,missing,-2.506661180751354
504,0.024931356639900135,missing,-13.618918211045237
505,-0.08752879700004751,missing,5.324654498035714
506,1.4820690023371337,missing,-14.74905245769594
507,-1.3298674927226024,missing,19.084388527610574
508,0.1548452551866338,missing,0.9383928036737457
509,0.23216958413916008,missing,2.2336325237472634
510,0.9007854357850101,missing,-0.2130670185713126
511,0.23076900261829048,missing,11.166869476508996
512,-0.5796707353144187,missing,-3.18489733339465
513,0.3577079921620939,missing,5.395590090076347
514,-0.3194080390831427,missing,-0.8396884361141536
515,0.4840137099505348,missing,-3.751762141772705
516,-0.14379374145321394,missing,-1.5084855142031177
517,-1.554403657598904,missing,13.371291407631025
518,-0.7327058525904893,missing,-1.2461071422800005
519,-1.400995341260986,missing,3.8249845195713776
520,-0.25832294133636363,missing,6.3670414546848075
521,-0.8945471902353687,missing,8.878437599568917
522,0.8238006989618231,missing,-15.429911982915858
523,0.06947923258303978,missing,-2.4552074408346365
524,0.7389101599534558,missing,-5.689906377413501
525,0.7554062100624404,missing,-10.110288033954491
526,-0.9302931414396477,missing,5.876894463354509
527,-0.4182168575181212,missing,8.370009797514527
528,-0.21200811370912245,missing,-10.214570634251636
529,0.778158776718461,missing,-9.328003188687482
530,1.7993943025768204,missing,-9.962315203876763
531,-0.042233038028739955,missing,-4.906159751473613
532,0.5596517293204881,missing,-0.6231536763865811
533,0.5925225932266437,missing,-3.9856149730288797
534,0.13716644476337958,missing,6.90337351994937
535,-0.5253625181453256,missing,0.9671932826569768
536,-1.1601623431905792,missing,12.51513226458763
537,-2.0230900681363875,missing,13.674676301981457
538,1.551071980149264,missing,-16.341798361480993
539,-1.4828813729570072,missing,8.219110983604674
540,0.9717977107757314,missing,-11.387131395608435
541,-0.9818679453808522,missing,8.977207957571833
542,-0.6305277093827047,missing,7.694331370138875
543,0.48154145103246576,missing,-1.1302852517281499
544,-0.5008288637929017,missing,-1.0728437018059216
545,0.028223592356131914,missing,5.526012482271405
546,0.43026827835477255,missing,-6.348760106428552
547,0.7991466022272836,missing,-2.8334190122435916
548,1.2302764442483116,missing,-17.56971940449098
549,1.0091574357013315,missing,-10.858782463179534
550,1.6580910066947634,missing,-6.400024956677996
551,0.7244384065824852,missing,-6.490792057171289
552,-1.3125829451604165,missing,7.490806995450474
553,0.8901510348384688,missing,-8.621272555729101
554,-0.8019699278341186,missing,6.649438150679348
555,0.7691375242212927,missing,-8.818431380413955
556,0.5578720797289535,missing,-7.512813952384632
557,1.8600498081192494,missing,-8.745004754940394
558,0.347923625267623,missing,-3.677001605341951
559,-0.6720825651235018,missing,9.350967490772714
560,-0.6236561712410787,missing,3.4018921022436963
561,0.6851631614753302,missing,-7.758099054069131
562,-2.3590511722272325,missing,18.39115856961711
563,-0.4366911590790964,missing,10.082633066154552
564,-2.6974563353370415,missing,31.0997327977674
565,-0.65214307467922,missing,6.705158925244653
566,0.26703309367086236,missing,-8.373563486338519
567,-0.5330826120825628,missing,11.888516814218827
568,-0.6307418113770735,missing,4.618495068486974
569,-1.1026172974400186,missing,15.807592398380946
570,0.7204033670430663,missing,-8.911008868793463
571,-1.6811605767266762,missing,10.703819949307949
572,1.5041699944952873,missing,-17.80833668412735
573,-0.6793461361201386,missing,3.567391885434202
574,-0.5201563373907154,missing,13.893292017178613
575,0.6687952723411141,missing,-8.71164901344541
576,-1.2340483431333045,missing,6.8841183098289385
577,0.29817356464727857,missing,-4.328321821596746
578,-0.709597158246754,missing,11.079489444366569
579,-0.42039856785895846,missing,8.456241113882141
580,-0.4437512144206921,missing,1.4854725620591398
581,-1.257205649340028,missing,6.99493360521385
582,0.8036705896748416,missing,0.2588708877775255
583,-0.06348331491171823,missing,-7.481849025904701
584,-0.07181176196787786,missing,-3.6841891620582885
585,-0.4690389671276919,missing,-3.3742157975461957
586,0.45612783704214077,missing,-15.381794538639223
587,-0.563755183152088,missing,-0.6001488386351241
588,-0.5291889911166306,missing,10.41429341205975
589,1.0181853811156059,missing,-17.197630250028517
590,0.8139647414530852,missing,4.210291645363744
591,-0.14678280727325838,missing,-3.3038006541044225
592,0.5575279458316857,missing,-8.83477512162762
593,-0.8778617723891089,missing,7.03208332459
594,-0.05446124076662832,missing,7.407547769342134
595,-0.11390510362957187,missing,5.932598823790802
596,-2.0667998042416604,missing,19.528125873175096
597,-0.054690446858359235,missing,8.257828163297122
598,1.1771115429951982,missing,-6.28845298239838
599,0.8158517457068567,missing,-3.442250608153863
600,0.8263532847423423,missing,1.407031141310578
601,-0.9467916783707182,missing,3.6290702781657798
602,1.1028073391357227,missing,-9.533027500255898
603,0.25148611351294703,missing,8.285239087688485
604,0.9617230075469394,missing,-6.924835750589751
605,0.7567440551735337,missing,-6.777248711554619
606,0.0325803045234106,missing,-4.5954108311340125
607,-1.046702643028214,missing,5.776372089685239
608,1.1521949440315735,missing,-9.839380740101427
609,-1.193133251043179,missing,13.091376557665793
610,0.1492536315191985,missing,-2.4003619060788832
611,-1.330314889723713,missing,11.588520994058792
612,-0.29678065107431,missing,5.236236102156828
613,-0.6592210859115668,missing,8.410490077206251
614,-0.3447618501410278,missing,-2.1732139933858896
615,2.9302305653229967,missing,-25.1539541055281
616,0.5166408645786601,missing,4.710771993750932
617,-0.707108699598263,missing,-2.042878051744037
618,1.3192688059639839,missing,-13.562508240739065
619,-1.6183752152826785,missing,7.884023059510421
620,1.5452783892213944,missing,-5.872337993761385
621,-0.11069367747398748,missing,4.773481840692812
622,0.20905900944730713,missing,-3.768785104303896
623,0.5432976638222258,missing,0.36592997471969313
624,-0.16334301394867246,missing,0.8580530546902917
625,1.0730335866785812,missing,-6.312085448754489
626,0.6788280726333537,missing,-3.8993316586301523
627,1.9893644658206655,missing,-9.181881228880695
628,1.4600581458131114,missing,-17.453670471203978
629,-1.3364226772302676,missing,6.6697570041331415
630,0.14596201538899709,missing,-6.603097643532285
631,2.0523704515411594,missing,-22.55037675443327
632,-0.3313451005730138,missing,-1.9594521274985188
633,0.33533064179974575,missing,2.9827760683952658
634,1.1519027705329232,missing,-9.082852687343411
635,1.6037559577094287,missing,-15.286644115263082
636,1.0769171494488217,missing,-14.904676474085173
637,0.8063178392510846,missing,0.7938088004048507
638,-0.09047920930833052,missing,2.9762826927859374
639,0.7315941249747397,missing,3.078484100881851
640,-1.178518419674401,missing,7.762336417425957
641,1.0921730119290958,missing,-10.540320882409867
642,-0.7545172417310715,missing,2.9253843709054657
643,0.6513897505355977,missing,5.083763498954987
644,1.6609823799216716,missing,-13.771705888415557
645,-0.6412624577852338,missing,0.534362671818743
646,-0.9438539546404119,missing,1.9154513879520334
647,0.22099096221454725,missing,-0.5281010979956735
648,-0.9544813958326869,missing,-2.331292624451436
649,-0.947104249463693,missing,4.108611072392135
650,-0.1420120146758033,missing,12.477769436969094
651,-0.13586670072718499,missing,-0.6305888322756736
652,0.7697667065110303,missing,-11.253561534422646
653,1.8019914491464792,missing,-15.953280291067815
654,-0.25485353624807316,missing,-3.317039504778373
655,1.650282716914464,missing,-16.905844495194543
656,2.249770043183504,missing,-15.232247869763333
657,1.426289492066828,missing,-13.995083228736355
658,-2.0538889444767165,missing,18.1141718874442
659,1.7722860528398132,missing,-9.905444250311783
660,0.11836567298720198,missing,6.162861735119773
661,-2.0961102762580417,missing,13.642527715238273
662,0.4043016603494908,missing,-2.388346675479866
663,1.3959718428847117,missing,-10.566621089361059
664,-0.4161727772148868,missing,-2.9927557193144176
665,0.14425692994023642,missing,2.9070756641237656
666,-0.14142108499354109,missing,5.143712147430651
667,2.6145754116447995,missing,-24.60505916411929
668,-1.0781735184777772,missing,13.131324405001264
669,-0.7825867610577693,missing,18.63620250353505
670,0.13047834902004682,missing,4.332317679042829
671,-0.12733216621996749,missing,-5.0108155036566835
672,0.23551163315248366,missing,-10.81589028306728
673,-0.8377048350123333,missing,7.151962204520615
674,0.9931657773259035,missing,-12.333671782460135
675,0.4009463348592357,missing,-11.55917660888573
676,-1.8436776873984062,missing,14.892255346926587
677,-1.4978675467013713,missing,4.188957010767375
678,1.0376694446933812,missing,-7.7631141377653945
679,0.39960217416022964,missing,-12.5230476863199
680,-0.9162039789334026,missing,5.133811383479491
681,-1.6436752745200938,missing,18.559874312146725
682,-0.885486364824891,missing,13.03219832844448
683,-0.3908033436479535,missing,15.825973672285405
684,-0.49562029096688626,missing,1.848214031636303
685,0.5979671762133784,missing,-0.8914266904413229
686,-0.03487883507891664,missing,5.829485101069912
687,-1.318874778781347,missing,15.299479053666548
688,0.9427424154421631,missing,-1.7361826281740227
689,0.8900637703840143,missing,-13.164060066685384
690,1.1775289105808835,missing,-11.377703512558709
691,0.022995880640571464,missing,-5.514579467743616
692,-1.3453564028474276,missing,11.353145441759505
693,1.3997524253236862,missing,-7.935673072340271
694,-1.2313149543790607,missing,8.181541204658805
695,-0.09166492372597253,missing,9.72121509515168
696,-0.6614317503490948,missing,6.161077836565273
697,-0.03662666262780076,missing,4.10636214634096
698,-1.9113255814941403,missing,12.250625915843576
699,0.4042982030097511,missing,-0.8374971539093369
700,-0.9133797480155355,missing,0.555768174946186
701,-0.01652976875729297,missing,1.0357093677713602
702,-0.8339503826320589,missing,6.639361425074068
703,0.3487714081601147,missing,3.1116639543164175
704,1.2086443445690036,missing,-9.618121016945524
705,1.2440705253707007,missing,-7.345685503807288
706,-1.2646769316523878,missing,12.594645018848446
707,0.5873262574529233,missing,-1.0010576961124078
708,-0.03583774837776723,missing,-0.4779556075268967
709,-0.23928574906923997,missing,7.036329917061422
710,-1.2347987062385717,missing,22.20618435311684
711,0.6293691916427032,missing,-6.4595474218144355
712,-0.4474414085374375,missing,4.354001203660487
713,0.298510812495366,missing,-4.607359145113964
714,2.2940080974675796,missing,-8.038087196756857
715,-0.7386703164496471,missing,6.370551551126008
716,-0.9193634205747324,missing,7.8554538881542255
717,-0.11467205284037404,missing,1.959555712863171
718,0.49105740539061166,missing,-1.8868329098157453
719,-0.06712013051998883,missing,7.910518982027465
720,-0.10205149588595654,missing,6.998778682183812
721,0.5133369599215281,missing,-9.955812567188039
722,1.8465559073381754,missing,-22.18581153493844
723,0.21720991295860248,missing,-6.521845935064343
724,-2.4552048184887774,missing,25.172415034579405
725,-1.0400177541814757,missing,6.557451914049602
726,0.004623233995106493,missing,-4.866241361901732
727,0.6334487565250204,missing,-11.644280593460426
728,-0.8330792247451623,missing,15.080739385973153
729,-0.6488936597558297,missing,10.157136008955575
730,-0.6085831809372159,missing,7.426473788475987
731,0.7317551290731226,missing,-4.754180826530274
732,0.13195726274150363,missing,-10.62882771741047
733,0.16460723689040704,missing,-3.653264232181999
734,0.5933538978893427,missing,-1.698809583951475
735,1.764816209651758,missing,-16.23882052696843
736,0.5238210265471159,missing,-8.537238248060751
737,0.885211762143412,missing,-0.7880043322341855
738,1.050364427833796,missing,0.28744222697114225
739,-1.516578321653844,missing,12.216522155151202
740,-0.7318016457829831,missing,1.6273453571627203
741,0.097375167849721,missing,-6.638863223088943
742,-1.6356985230048144,missing,17.926358367553778
743,-0.49490266793353027,missing,0.38174514844460816
744,-2.6755916571495546,missing,24.41264352033783
745,-1.431887993868158,missing,10.029222318229326
746,-0.33992576358734605,missing,2.061306898700124
747,-0.7024389703841499,missing,0.953040087583811
748,-1.8209732823421687,missing,17.254780988406523
749,0.02814047028195255,missing,-2.248732291100331
750,0.8907590164571151,missing,-4.708004673523699
751,0.3191778962564705,missing,6.006784135018379
752,-0.5425811709853237,missing,0.4748003169611763
753,-1.3694004236605446,missing,11.203954033520874
754,-0.7490159359813762,missing,4.791002223325215
755,-0.026959028974853166,missing,7.453383172421092
756,-0.6351939751297417,missing,-0.13610935192655882
757,-0.044638943859488696,missing,-1.60269207478539
758,0.05470564564632074,missing,1.912365619626219
759,0.7086989858717733,missing,-7.03406761204182
760,-0.589206149298716,missing,5.346448756626068
761,0.4793721732394014,missing,-6.753846329105024
762,1.1822097055981842,missing,-10.875384302167564
763,0.008961802584242394,missing,0.4446999482806091
764,1.1130002495626246,missing,-4.1482330861725805
765,-1.3529829546244938,missing,12.696042407260974
766,-1.5644447561556716,missing,22.197046527256074
767,-1.2601624982527466,missing,3.6899457814305654
768,-0.36839585302799666,missing,7.945012721749418
769,1.053425422546836,missing,-6.56139153683765
770,0.6191420384013206,missing,-3.5416935528662608
771,0.44809419559076896,missing,-0.053121585362565504
772,-0.616121349653568,missing,-1.13142380004031
773,0.005136975478863226,missing,-5.540169618017563
774,-0.5220529231708559,missing,4.343351404247085
775,-1.093989985305059,missing,8.986092968140202
776,1.6140211822019155,missing,-10.546078745320736
777,0.9408499447396101,missing,-2.050618838654927
778,-0.9595787497642961,missing,5.839930401532815
779,-1.5831175173634149,missing,2.47106716610901
780,-0.476599071389853,missing,5.800127042629063
781,0.7347782521934959,missing,-13.79457910150907
782,1.7406866599121107,missing,-5.470824180544031
783,-1.5931863478238633,missing,15.47540086618241
784,-0.6076351197947555,missing,-6.056178162306829
785,-2.1213052922229645,missing,17.008110831068173
786,-0.4263471481797177,missing,5.773839708188087
787,-2.1198118922831997,missing,19.16399494801661
788,-0.2495604587370452,missing,4.4643405849679985
789,0.6579664784090967,missing,-5.677351197630024
790,0.22227968810518106,missing,-5.613966538668384
791,-0.028234823952771538,missing,7.349794737187665
792,-0.35233512264948497,missing,3.7662601455809077
793,-1.6708418942018657,missing,12.490019722475402
794,-0.1342037076532869,missing,6.810653379564081
795,0.4243495913836954,missing,1.7962939686817425
796,-0.4325484242909071,missing,0.4217554189377173
797,0.1477590984532494,missing,-1.950484647687655
798,-1.3886011681473045,missing,8.580498640244976
799,-1.056121362715618,missing,5.357215395946777
800,-0.22718765692106713,missing,3.263021194129039
801,1.1325548000781296,missing,-4.783828824578893
802,-0.015190523086313669,missing,-4.016355522478062
803,0.9170709557472423,missing,-11.420289839681477
804,-1.0268408405334752,missing,11.152598955184947
805,0.3455712679205609,missing,-10.976142182598355
806,0.6829997602665028,missing,-10.381188063362067
807,0.01582928249978547,missing,-7.660163037644406
808,0.7086797899546,missing,-8.18097325406904
809,-2.5749216348292236,missing,9.460730870508685
810,-0.8350957524842358,missing,7.377005734092451
811,-0.41125851996887586,missing,-0.18110890613031705
812,-0.3552706676438346,missing,6.559006932148764
813,0.18827826623776572,missing,2.564508265023215
814,-0.6658126014254598,missing,4.95281874097894
815,-0.6823321889835696,missing,3.435706198439645
816,-1.695687089829692,missing,7.869503503745469
817,-0.4017113188896091,missing,2.651856757585346
818,1.3472878794054624,missing,-17.40549364050044
819,0.2743998409511933,missing,-0.3420751158406137
820,0.048809987202414945,missing,-4.944222430283558
821,-1.1025200702418128,missing,5.876245365999088
822,0.89112935126225,missing,-8.02122925750816
823,2.1899089651340473,missing,-11.599248911813829
824,-0.8607006777474006,missing,8.3558006676295
825,1.2728558499623854,missing,-9.363401860506066
826,-0.2854489774248949,missing,-3.336445546184512
827,0.5966423313737752,missing,1.3748455272294042
828,0.20707759180570987,missing,-4.059428210497739
829,0.48071112352743045,missing,-9.646922941071256
830,0.8092001116368944,missing,1.3423963923024882
831,0.47854888969835174,missing,2.278121486103159
832,-0.7643106133324854,missing,10.78073558157575
833,-0.35022590560205275,missing,5.172710539133339
834,0.914757728048253,missing,-11.232686688861037
835,-1.3158408194263775,missing,15.218941163035453
836,-1.0153321622432914,missing,12.108366508808006
837,0.3168906638560844,missing,9.368949144802015
838,-0.05281812473138667,missing,3.1689619881407665
839,1.7019293322111935,missing,-12.643332532220544
840,-1.1416534015412358,missing,10.28445370098772
841,-1.203443755698188,missing,14.168197521121753
842,-1.3842292295326593,missing,7.770969742905824
843,-0.7957355102555784,missing,1.151266189356325
844,-1.568161823641951,missing,15.471797678691056
845,-1.4743898932231765,missing,15.022933528406945
846,-1.580936816316049,missing,17.469281798827208
847,1.6160579578502658,missing,-12.925360777358016
848,0.36741136257328566,missing,-4.253861836412288
849,1.496699228057892,missing,-14.719969651793313
850,0.1171923206251974,missing,-6.238842105677142
851,-0.14732536294556012,missing,2.7426511433267873
852,1.1809124839431706,missing,-12.729093398313996
853,-0.6745540389148355,missing,7.989260204528251
854,0.37374465286560965,missing,-6.44693728953428
855,-0.11332019589090164,missing,9.398559874048972
856,0.0212672583272664,missing,-0.254995127467079
857,0.1881975101293814,missing,2.4358355091165835
858,0.3971564014008317,missing,-8.085737719058889
859,1.1264649370166278,missing,-14.295528643258882
860,-0.7874574107006549,missing,-6.454627088035023
861,0.35998925989054614,missing,1.832445741453145
862,1.0834572047299773,missing,-5.136537153639354
863,2.1723075401630987,missing,-26.739841095773482
864,1.799488477389738,missing,-17.417445527242176
865,1.3134470444603055,missing,-6.973707273343505
866,0.11264002547571082,missing,-4.415039016279993
867,0.821085047984213,missing,-9.344093056097739
868,-0.1625092293623215,missing,0.11933540448017826
869,-0.3040948308154567,missing,6.665605456882929
870,-0.3537731258839033,missing,-0.03668343661255791
871,0.05335650914827875,missing,1.0798805440131227
872,-2.421252733588749,missing,23.931409030992324
873,-0.29386860012730354,missing,4.65139826651507
874,-0.8887081544630213,missing,5.1726268141566045
875,2.0828713180158345,missing,-15.90423559678571
876,-0.3777868773014574,missing,3.2375630549017798
877,0.49931121794527406,missing,-8.38449284427039
878,-0.1785657441446267,missing,0.6668150540900641
879,0.37485609114751245,missing,-2.656427862334364
880,1.5107014305765152,missing,-7.436758273301584
881,-0.33860705236044303,missing,6.54223056866224
882,-0.6131042544150336,missing,10.059654330738349
883,-0.9405293463393254,missing,13.45247129335898
884,0.7451973797436909,missing,-8.093585996283887
885,0.8578900311745007,missing,1.9414429306996088
886,-0.7294948519689984,missing,9.35027171344343
887,0.3956724137265897,missing,3.442035100246994
888,1.8653677339636523,missing,-6.193375374778312
889,-0.08735688400981194,missing,-2.893699948473679
890,1.8526057093852493,missing,-19.521237144343313
891,1.484675731407081,missing,-4.127336499063223
892,2.4778555483305746,missing,-18.46407889059043
893,-0.7046039442702557,missing,6.378786213195731
894,-0.10578858734978322,missing,10.490767961490441
895,0.6158829868238167,missing,-7.4884434104471085
896,-0.3330930756132814,missing,0.014617563967298797
897,0.3897006580172832,missing,-6.833505675154074
898,-0.3074775488995968,missing,-3.432728699866363
899,-1.1245711231854774,missing,6.311173804513158
900,-1.042771166139582,missing,-3.5816387888987062
901,0.34835407315175,missing,-8.380539348270057
902,0.9621477928749465,missing,-7.013226863284695
903,-0.15995457858088027,missing,2.981247619348972
904,-0.6351988238239951,missing,10.54519414482147
905,-1.651656943278485,missing,16.18585037189511
906,-0.3188115452109769,missing,6.059664305247983
907,0.9746455337870855,missing,-12.045389475601665
908,-0.3892683909447063,missing,11.476402464631557
909,-0.15687760600425774,missing,-5.571245264217669
910,0.061813376462857096,missing,-2.4352605917885923
911,0.04692885265009106,missing,-5.27752792744312
912,-0.246531997089121,missing,5.711632323185729
913,1.9923472779147218,missing,-10.66195631915773
914,0.7001522813469779,missing,-4.536723613567782
915,1.6912852009515305,missing,-21.46318504673023
916,0.03806650894903448,missing,4.927398356417006
917,1.6169483608270407,missing,-17.223423854187796
918,-1.3172833537175028,missing,18.03071088008471
919,1.0639147819844272,missing,-4.092876553440512
920,-0.6681079242497064,missing,1.521146475128448
921,-0.003945208478069309,missing,-3.183517059733001
922,-0.299355967223626,missing,-8.680506353085073
923,-1.1171377616568186,missing,17.76983030134824
924,0.3814585841837929,missing,-7.305049429883188
925,-0.9964843642757665,missing,5.407533356573749
926,0.6438159695405669,missing,-3.9084288247154864
927,0.754762367665929,missing,-6.61289768628223
928,-0.7266692248143524,missing,16.187192074765534
929,0.1849340317751421,missing,-4.135961198276918
930,1.1692952385240842,missing,-12.585694764693944
931,-1.7205920287054235,missing,10.583089604466592
932,0.15411798346711086,missing,-4.8962000328708015
933,-1.3596042715044145,missing,14.374366883017897
934,0.8843184999400125,missing,-9.713005756324238
935,-1.6758865409562567,missing,11.579752216791663
936,0.596855445605731,missing,-5.935227804742555
937,-0.38014894875679095,missing,12.674614154330811
938,0.23541747396136453,missing,6.086366708985924
939,0.6101114860654544,missing,-14.124162744878005
940,0.5345785707723426,missing,-7.287988344277274
941,-0.8575693543667583,missing,4.657571393112217
942,-0.9408411468695362,missing,0.5458887755993254
943,0.6128461911259367,missing,-1.4649415946289759
944,-0.09035544073027447,missing,-1.5054396728732016
945,0.9381771193295064,missing,-12.872276161822143
946,-0.866268276770204,missing,3.5587505631671528
947,1.0985792231486982,missing,-11.532237939559648
948,0.579747819784876,missing,-4.550602397672987
949,-0.06750113777958827,missing,1.6575336477213205
950,-0.34217515554391237,missing,7.196823924841052
951,-0.041607712871274335,missing,1.7891953457523413
952,-1.0931048600025692,missing,-0.9041878290068153
953,1.6379706426930112,missing,-16.800217109228313
954,-0.40815614130925587,missing,2.06840326742383
955,-0.16036209718937214,missing,3.365470277754529
956,-0.5741253039760349,missing,0.7669988012118025
957,0.7145097390263683,missing,-7.693243547848029
958,1.2466652599851749,missing,-18.45725297694062
959,-1.8269032406608121,missing,13.262173666504143
960,-1.2056862344953696,missing,14.057539680862082
961,-0.12627522976337818,missing,-1.1171735289853728
962,0.42886962150636365,missing,6.564828446318299
963,-0.766539506645537,missing,3.2880635042916655
964,-0.232555218838746,missing,8.40014929985151
965,-0.15911641459624884,missing,-2.1519206811520335
966,0.3327111543106309,missing,3.2131205189643968
967,-1.288778062502795,missing,9.618908165637981
968,0.36515439728123533,missing,-3.7310535602492907
969,-1.59909810184878,missing,16.100729513071684
970,-1.3557492505110058,missing,11.736473583849346
971,-0.7922005550148881,missing,0.3190157857737883
972,-1.2205453462632185,missing,9.057105309031025
973,0.9960478129779848,missing,-6.0532911638097255
974,-0.24295687773770064,missing,2.583543166919484
975,-0.38790983566275516,missing,2.8734927933640773
976,-0.3988636820190274,missing,2.2680630284783416
977,-1.248184354096091,missing,8.081490218639674
978,-0.16152526444095364,missing,1.563183117479262
979,-0.7743512101907514,missing,10.705829453230606
980,0.4791004156697208,missing,2.9702890992312323
981,0.29831426134630146,missing,4.764765917999698
982,1.0787927496737197,missing,-2.601902969629635
983,1.40396519181173,missing,-13.73000866934053
984,-0.13435787963468035,missing,-7.702340987738257
985,0.4864888252798611,missing,-1.8434820707171367
986,-1.5898247116957647,missing,4.92400436707931
987,-0.22574238445605538,missing,12.196286779237758
988,1.6643730514156623,missing,-13.53725321697898
989,-0.7633364237207857,missing,1.9577312621480472
990,1.7141547226103573,missing,-12.390716238286037
991,-1.7430115890194955,missing,14.204504137333023
992,1.2177818008808297,missing,-5.205056648765657
993,-1.0162153017751252,missing,11.069276013261327
994,-0.3878794788924736,missing,8.884656538137023
995,1.1804422198318323,missing,-17.75711990898298
996,0.4558781050003424,missing,-6.714056012213843
997,-1.3524001082049713,missing,6.87867842921572
998,-0.020249787574583455,missing,-4.9913410211198155
999,0.5747911505577921,missing,-1.881737751551773
