data point nr.,x1,x2,y
0,missing,0.35267255922932195,-5.000955129835488
1,missing,1.2587604757372066,-3.4844049924234137
2,missing,1.2549895701374978,0.5200197663856436
3,missing,1.1819270230168664,1.138536539136115
4,missing,-0.011755142468554419,0.5426798624270184
5,missing,-0.6539057534203089,-2.708668227038737
6,missing,-0.5708317525722281,-16.8281934882913
7,missing,-0.6659397424398533,6.178811252963619
8,missing,0.890295039708775,-4.227493124271865
9,missing,0.7149028813991564,5.979431485955655
10,missing,-1.406812554619499,-4.999533834399383
11,missing,-0.3468903884569909,-1.8378274948229187
12,missing,1.078508625164376,6.601029564219601
13,missing,0.37059059973624153,-8.017668242223108
14,missing,0.4050032951187783,8.000857619054917
15,missing,1.1878741817399392,-12.809441210867051
16,missing,-0.1651752354302846,9.196663137626425
17,missing,1.2197750477058105,6.313709683904646
18,missing,-0.29177939450751356,-13.20792542591347
19,missing,0.5736409799188008,2.151918228950709
20,missing,-0.7106371187919671,-20.231339147277623
21,missing,0.4328748289816499,12.51072448755104
22,missing,0.33418615842722016,2.8440832103251807
23,missing,0.6096692872392234,-1.929813502389832
24,missing,-1.159624790918778,-15.089750819589357
25,missing,-0.09949175102760044,-7.554185228700742
26,missing,-0.25554521998946206,-9.485960005173197
27,missing,1.0640636729045934,8.912744492361139
28,missing,1.0085565329780029,3.6297568223162924
29,missing,-1.6732974936331253,-16.939381348862703
30,missing,0.7539209149539082,9.932211380099197
31,missing,-0.024336928403211337,1.849727366619041
32,missing,0.9247957018452632,6.161566893021851
33,missing,-1.1100316098618312,-6.500504270926057
34,missing,0.7775103919999764,4.017109007704969
35,missing,-0.03312064502288682,-3.907052287013053
36,missing,-0.5233563247285745,-9.135340874730366
37,missing,-0.37730690607891737,5.752247189433282
38,missing,1.3836024882641202,19.816176493259483
39,missing,-0.7733910455289228,2.2784641685726195
40,missing,0.15514242752683075,3.4735058153262206
41,missing,-0.6789673244550544,-0.8693924900684541
42,missing,-0.5625578054853215,-4.238432495772407
43,missing,1.436875774447229,9.60717608867222
44,missing,0.00956085767276779,-9.004143973935284
45,missing,0.10726419387174031,3.1783007203725626
46,missing,0.7079055811215099,13.310132111936635
47,missing,-1.1324075513658833,-0.45972924211955646
48,missing,0.12593576257761432,0.7571137067759196
49,missing,0.10555228709839148,15.235926458338966
50,missing,0.6579916383561041,-13.47198284067377
51,missing,2.020122071650839,8.24989088816908
52,missing,-1.2955385913753892,-3.513670917611523
53,missing,0.09596868291169174,-12.080609840223685
54,missing,-1.5230119923916967,-6.552842116220996
55,missing,0.25580085745956405,5.680408028752636
56,missing,1.5454730371114018,28.721940630747806
57,missing,0.39650430744233517,2.5463188528682
58,missing,0.9180162483580045,10.489698694726222
59,missing,0.006477482859324049,-1.4856429051658384
60,missing,1.3012526960861968,-11.697408635388653
61,missing,-0.4578345096265042,-10.333564225222382
62,missing,0.32277398833531773,-10.329904240138994
63,missing,-0.6530252268436033,-14.381248489975906
64,missing,0.6012650714804737,-12.275775346674564
65,missing,0.1410872409861332,12.968367781990946
66,missing,0.8517612988087953,16.986150239414513
67,missing,0.2613327992786022,-4.009240666112705
68,missing,-0.47806224100630434,7.3189745600209
69,missing,0.03332916568456069,-7.284248894664094
70,missing,-0.07487955464954286,-0.5196314529973793
71,missing,0.7282024071862122,-6.6515785337140825
72,missing,-0.38928362567722496,2.597916520822134
73,missing,-1.9429379833312646,-8.200433461805012
74,missing,-0.67595413154185,-3.175099432939733
75,missing,-0.2577972453040196,-12.388742970395793
76,missing,-0.5736346381375954,-9.919957082112008
77,missing,0.028918072917682572,12.771586806423823
78,missing,0.42320126099363337,4.2062141019074275
79,missing,1.5073515210825994,5.098557153224599
80,missing,1.315217912771042,18.215965668886707
81,missing,-1.4283986211204431,-12.608774922602317
82,missing,-0.380654656081181,-12.551030076529692
83,missing,-0.3997285869034453,-9.731927845566931
84,missing,-0.9008592999001683,5.866167406555366
85,missing,-1.5597964831996658,-4.872665780413873
86,missing,0.8099119998780092,-2.4779628548969135
87,missing,-1.2635308689564875,-10.311007260466397
88,missing,-0.18673017859847513,3.771502033423119
89,missing,-0.6923768896739563,-12.697550729276154
90,missing,-0.3303968619307158,4.598248057454979
91,missing,0.0502730200627037,-1.9752509492437471
92,missing,-1.1767595767925227,-0.18358432460695417
93,missing,2.245520763530234,26.485162355698673
94,missing,-0.16096584660154614,-5.24722752045238
95,missing,0.35223363902251736,7.820238774269429
96,missing,0.4164122965220657,1.8859649978447575
97,missing,0.8823629758830824,13.08900983821368
98,missing,0.8516369037601834,12.564763479573411
99,missing,1.4288379379241372,3.0423201572382546
100,missing,-1.3398907162980398,-24.32627485763594
101,missing,-0.37882239306305904,8.059636234970842
102,missing,-0.31460520112839413,-9.553350020938247
103,missing,0.3437101782395912,7.826825688527169
104,missing,-0.1959674292202336,-2.4756338243366787
105,missing,-0.4208711342103033,-4.2464476439776835
106,missing,-1.1568952109463664,-19.163849195702895
107,missing,0.4286923384750133,-7.909742510053379
108,missing,-0.8222838187589002,12.351304520853144
109,missing,2.3000723310415534,12.576573589092067
110,missing,-0.8149380138094724,-3.1459610901682735
111,missing,-0.46713859992170154,-4.310221311390068
112,missing,-0.15990150578478834,0.21383311265957444
113,missing,-0.25083699402143833,6.467933037787119
114,missing,-0.9931074625233629,-2.6033371556389815
115,missing,-1.947759581657748,3.0628553388919273
116,missing,-0.04889137100573632,-0.26386342348731867
117,missing,-0.7805018070648311,12.348132200763288
118,missing,-2.6470983963021415,-13.043428093144694
119,missing,0.8394256817888617,8.91585891214939
120,missing,0.25603675810586857,-5.402171303730526
121,missing,-1.1642262548590332,-0.5552024594816777
122,missing,-0.4394850202234062,0.2456503348201886
123,missing,0.35239864946600513,-15.790269168868923
124,missing,-0.18804065884299637,-11.778120520592076
125,missing,0.22935618123672147,-1.8458797285185802
126,missing,-1.707047080397793,-9.382103012094746
127,missing,0.9741094225052387,-2.0155355902925876
128,missing,2.0630318396702965,16.650916078947173
129,missing,1.4089904973508474,3.641134490335284
130,missing,0.0684219294339315,-0.1767472261048013
131,missing,-1.2876826710366727,-0.8988262257058568
132,missing,-0.49429106815784707,-4.083410084297247
133,missing,0.40220427451034274,2.9372695481809092
134,missing,2.083229147052718,11.564496999387325
135,missing,0.2123671683548805,-12.403505336945772
136,missing,0.15797927868963105,6.227072558718051
137,missing,3.159841208095516,36.02839319089975
138,missing,0.049806504754662424,1.1142932923414868
139,missing,0.059402362195223705,-11.269324434577268
140,missing,-1.0538709114552836,-5.965565615402504
141,missing,-0.7707391806689358,-1.4272384375637646
142,missing,-0.25749160799447324,9.521311267737053
143,missing,-1.1824592434918508,-6.640511152404129
144,missing,-0.9923577586895073,-8.172658127382627
145,missing,-0.6972226291324597,-11.245913405040342
146,missing,-0.4658005381695079,-12.833795734401107
147,missing,-0.4061726362527825,5.631895378581719
148,missing,0.20302266809732014,-10.417629700424992
149,missing,0.8108342546425994,6.205221894721017
150,missing,-0.2662295853247687,-2.4767177587177835
151,missing,0.7343209904975593,11.62593493144327
152,missing,-0.46871162021768636,-14.997738032914155
153,missing,-0.6357338465808171,-16.738774064566925
154,missing,-0.9954148839204423,-4.131038215329996
155,missing,-0.14155443481125193,7.04932122239791
156,missing,-2.0733780935193074,-7.668993811392477
157,missing,-1.3818099576853438,-3.298439745560264
158,missing,1.0026762374085227,1.2778384538467251
159,missing,1.3067467246734177,14.370151628531342
160,missing,0.034561163724183316,3.886673321466719
161,missing,2.5590317560737916,18.19920823020804
162,missing,-0.6633078526364743,1.9404376457542893
163,missing,-1.1364842838889824,5.114887898710801
164,missing,0.6876393019997672,3.811382893814321
165,missing,1.8185225515184549,7.719373829542029
166,missing,0.935490007854016,0.8263688794489367
167,missing,1.359441180858467,20.19753653562609
168,missing,-0.757326334844992,-8.80551799294121
169,missing,1.0918462617615365,4.551831991662521
170,missing,-0.45966895132833446,-0.5816040928197934
171,missing,-0.016173752337087195,0.8854254900575813
172,missing,0.15236546524961628,3.8970312622440075
173,missing,-0.15170004154464134,-5.379629397875693
174,missing,0.4956304078301145,8.082087370555154
175,missing,-0.31362738474654006,3.3371686271491647
176,missing,-0.5548592341516654,-1.742897282633395
177,missing,-1.394181349382367,-15.889768300250026
178,missing,-0.8693816827387223,-3.596616823473197
179,missing,0.18514960234392258,-9.601037246901589
180,missing,1.410785363354599,4.714750681676116
181,missing,1.3825521418016777,3.3503404791695783
182,missing,-0.5312734778615613,-5.850663171731596
183,missing,-0.0519212586418018,-3.8944440815349557
184,missing,1.7850397503400677,17.180869833958624
185,missing,1.558456287182517,23.962976729010034
186,missing,-2.0451547516751445,-6.121005361955025
187,missing,0.5294093126755666,1.6501449931417411
188,missing,0.23527173994586345,-3.194625386642786
189,missing,0.393258224600265,-3.1983887197152416
190,missing,1.3515684946818707,10.856751721580954
191,missing,1.6927260718696042,12.667500723132404
192,missing,-1.1394173412856259,-3.5190025415894297
193,missing,-1.3299065000058383,-8.407561413630255
194,missing,1.138904771259656,13.777335096530612
195,missing,0.2276290310912212,-1.5906367391939886
196,missing,-2.8150130050025557,-10.32299023948236
197,missing,1.4026409259746782,15.17993386743749
198,missing,2.2908212792536764,23.46196348861515
199,missing,-0.7786464356933617,-4.477650798558525
200,missing,-0.8192043281704554,-10.821788523109149
201,missing,1.1508290775752996,10.192476347470192
202,missing,-0.2874043550569001,-9.56072679455009
203,missing,-0.4977831617883072,1.6545979404808848
204,missing,-0.6242320781451813,3.2204186771569603
205,missing,1.4933978361708997,17.528724105180235
206,missing,0.6912965619262841,-14.83294556597807
207,missing,-0.07362444872411963,-16.756152644798433
208,missing,-1.2469163978345847,-5.069211805625307
209,missing,0.7428374607276207,-3.2487281075184953
210,missing,0.8661416632058224,4.069530596452499
211,missing,0.49614313899496976,-2.3315026043045948
212,missing,0.06882863870091752,-16.865427530005817
213,missing,0.9089302179200177,15.547580538833124
214,missing,1.164905616287915,2.106718406990555
215,missing,-0.7975101368893805,-3.8107873644356585
216,missing,1.277694673301047,4.622094156186605
217,missing,-0.8623635644796608,-16.43469295467866
218,missing,-0.1793482287370986,9.824735614119803
219,missing,0.7149809691165583,7.691158783041121
220,missing,0.8278460554497669,0.705498821749707
221,missing,0.5849369950408978,-9.277060639254469
222,missing,0.4374201757330219,10.957464790560977
223,missing,1.4209794995952223,13.508046431277291
224,missing,1.2791456565414834,8.86845534633946
225,missing,0.4692845580874455,-1.911062777079525
226,missing,0.35140606675697006,-6.941315280581407
227,missing,-0.013490386235364983,-14.80114612990554
228,missing,-0.925033941397503,-1.753738527894369
229,missing,1.6294808566069388,0.05646227261349546
230,missing,1.4747535708210597,-4.855375320686192
231,missing,0.03246324182117568,3.4841369333646504
232,missing,-3.1432931583525203,-20.010526324114217
233,missing,0.018237334525837343,-8.340509281629272
234,missing,0.8108423607634608,7.921241498585487
235,missing,-0.8688493663924162,7.0564951075676765
236,missing,-0.45619960388320563,8.852139578504657
237,missing,-1.4112777741666245,-15.216673691329214
238,missing,-1.3057754909096775,-28.725622584876326
239,missing,0.4886039339180198,5.918873492534698
240,missing,-0.48921439284084917,1.5079022919036995
241,missing,-0.13262999641531859,1.2531316627794917
242,missing,2.4761680869458176,13.584018442372265
243,missing,0.8886053315552244,-8.749831506346093
244,missing,0.7103311876446804,10.477152714613664
245,missing,2.053401797709161,15.83245857963302
246,missing,0.5105099439466495,19.08734370664809
247,missing,-0.019932812131586035,-13.608348452978882
248,missing,0.3775822963910642,3.0998265583190934
249,missing,1.8919231528347762,19.479509184535377
250,missing,-0.8154690145755445,-0.9544036391929824
251,missing,-0.8572676836307193,-17.53067054860712
252,missing,0.5307939727863522,-3.9172132514647444
253,missing,1.063834833478483,13.1894978939893
254,missing,1.190429414215064,11.398096996639628
255,missing,0.4565344030689988,10.361134593586867
256,missing,0.024509308502119992,9.03891255289194
257,missing,-1.5767397291640832,-9.45565983189695
258,missing,-1.031993395325737,-4.695944646068503
259,missing,-0.5253414382996147,13.582863516773465
260,missing,-2.8767925011864643,-11.02959673649518
261,missing,1.1967497512325243,7.251167382350858
262,missing,-0.42340127249057086,2.728938574859189
263,missing,-0.4521229984858961,0.2685489514251931
264,missing,0.8826121483447994,7.136102753301589
265,missing,0.2798775718832265,4.71249562633239
266,missing,1.851517681664096,11.338961922927002
267,missing,-0.5467390751942565,-9.6525862991108
268,missing,-1.056635928160828,9.181850318737643
269,missing,-0.3304034306571341,-2.145399921411737
270,missing,-0.3676163065512506,-3.2901010107549595
271,missing,1.4317267410696133,-2.7053364704112135
272,missing,0.030937518955535304,-5.382682458273012
273,missing,-0.3239747163906998,1.4832722611767597
274,missing,-0.30652275238050236,-6.544523179860807
275,missing,-0.593753949001714,-13.688709740364805
276,missing,0.9697747634936187,-3.2949602564082565
277,missing,0.9788259160146419,26.468131675047218
278,missing,-0.7405468308478349,14.04995664124037
279,missing,-1.2991639171306983,-20.024119542169018
280,missing,-1.1240384175767977,-5.684526805228593
281,missing,1.367710162339201,-3.9969058135535684
282,missing,-0.809499736067512,-17.413835695657117
283,missing,1.8325179036059873,12.952644182193023
284,missing,-1.090389146844553,9.477794634879906
285,missing,-0.2608931847999976,11.768021652346299
286,missing,0.5658139485365478,16.544910339244527
287,missing,1.191709446128176,7.326416079120879
288,missing,2.731687463343246,15.234186507034082
289,missing,1.2119439460182067,-7.349090293067034
290,missing,1.3788555097698951,-7.366875036224972
291,missing,0.6629998132340812,-3.83802863939232
292,missing,0.12401986318959514,16.967976063988775
293,missing,-2.322897574980328,-6.717382079867907
294,missing,-0.43345338136495387,-5.3682053318539324
295,missing,-0.9367366489822185,2.5209231941800305
296,missing,1.008851730457298,7.779044757454903
297,missing,-1.935771772909621,-28.438717567039618
298,missing,0.6400244536155827,2.236856551042168
299,missing,-0.28189715467483784,-2.771949967975011
300,missing,0.341763309932707,2.9466990710204226
301,missing,-0.26217109020188273,-4.6983216970267
302,missing,0.22662970942496558,1.8031948125590098
303,missing,-0.787416471877458,4.053181641548134
304,missing,-0.6343810663363907,-10.398031004526429
305,missing,0.8879148998279848,13.672044512551212
306,missing,-0.7850005508659378,-4.289834740266752
307,missing,-0.9054631816275966,5.688883056438183
308,missing,0.19143201319258238,17.712403311956308
309,missing,2.6629683427771744,18.251897851177418
310,missing,-1.4345834566545614,-0.7294332579856391
311,missing,-0.28983449675181144,-0.41142717218616387
312,missing,0.12932812820944237,-5.426010861264726
313,missing,0.544862353458624,-0.32940296214968035
314,missing,0.9180568720716888,5.644133677995854
315,missing,-0.20266071277580575,7.954229330100555
316,missing,-0.741902848173065,-7.67527089607493
317,missing,0.10196231803064888,-3.7781626932277796
318,missing,0.1494187572071073,10.47463240113783
319,missing,2.4524437888569643,17.040818382012645
320,missing,0.7088447611154293,-10.880641020260219
321,missing,3.1985600016332927,19.613105321353995
322,missing,0.20783797456741923,-17.691310323407837
323,missing,1.3127334575477216,-3.7226196875579176
324,missing,-0.5131045188094772,-6.1777419824999384
325,missing,1.8766427931394718,3.0907086774265684
326,missing,0.5153125407982054,8.191226448918288
327,missing,1.3033571760068918,-0.7502820194974339
328,missing,-0.9268951797767477,-8.365955946315497
329,missing,1.4107450672596231,7.461981246882241
330,missing,-1.611610686812326,-20.81847638833931
331,missing,0.5252764180626912,12.97166832647684
332,missing,1.1371207549326172,-10.152752103517777
333,missing,-0.7921028346009805,4.117331559034271
334,missing,1.5674467538225405,9.545952723357264
335,missing,-0.5246471594813624,-12.56366563360304
336,missing,0.39004688721453307,7.85961145132849
337,missing,-1.2730391005331285,2.932465163617928
338,missing,0.12938179664523528,8.277074610237799
339,missing,-0.17321525897962314,4.813689994578932
340,missing,-1.3628333553292056,-15.814428257420738
341,missing,1.4608852717531036,-9.342285712427751
342,missing,-0.25596421740731046,-10.449480007528331
343,missing,-0.147271219651057,-10.33803349447573
344,missing,0.27725521468276887,-4.568570339641731
345,missing,-0.15031323759945542,9.610581625118012
346,missing,-1.2768507306328907,-6.199997028921917
347,missing,-1.4498055335984472,-14.163948535662751
348,missing,-0.38439117559687663,-2.677162901831586
349,missing,1.5731503116820773,2.1673137165629606
350,missing,0.49019364932408355,12.658591524283562
351,missing,-0.10478082427837541,-4.5375880371122035
352,missing,0.10420377781012588,0.3650277998297129
353,missing,-1.3266120802344046,-0.7847145270625587
354,missing,1.4313341737773027,11.087547816729593
355,missing,-0.5743207980332248,-10.616697189198476
356,missing,-0.6788068445983183,-0.32889473248427636
357,missing,-0.3535358648097658,-18.284819208274623
358,missing,0.18588632170610825,13.820240059295518
359,missing,-0.2837619386285153,-7.6612766543987325
360,missing,1.554209418252863,-3.3491703041392555
361,missing,0.8290681036455775,6.007826150918538
362,missing,-0.15657262058472415,-7.134951608645389
363,missing,-1.250723188665589,-6.212116107725662
364,missing,0.6535838625435474,-2.527436660514006
365,missing,0.8425169707107427,13.266759505457491
366,missing,-1.3104008976806407,-10.73185973338985
367,missing,1.3393179033765337,4.115147211088894
368,missing,2.1643019954039278,22.34001155212344
369,missing,-0.7804490968386859,-3.9442098628440654
370,missing,-1.1839785544958952,15.567994206646395
371,missing,-1.3938258097128868,-22.066384012778798
372,missing,0.5355747587291205,-4.106009084160913
373,missing,-1.2726987050966123,-5.129646977047985
374,missing,-0.9315661067224016,1.3423019679647241
375,missing,-1.306619379610812,2.1300954720336147
376,missing,1.9712776195911328,11.590858154902737
377,missing,0.5728518719132868,6.796792741762851
378,missing,-0.16676161815870072,7.644062090254641
379,missing,0.3952243711660968,1.91063184818268
380,missing,0.3074876532722648,3.5514857934043587
381,missing,0.31396179512210687,0.8460229269340427
382,missing,-1.7601353639259205,-0.9950173774795368
383,missing,2.113236804391681,15.923292585913202
384,missing,0.8846367190711838,-7.897210125465982
385,missing,-1.548615007643646,-10.215177152071595
386,missing,0.037768409313766,-9.22425537329772
387,missing,0.9892087453900515,13.140022749526501
388,missing,0.8314118192994358,5.133670997130806
389,missing,-1.1953930490153524,2.2493876373140997
390,missing,0.5590245291629607,8.62387661349979
391,missing,-0.22650494297033016,-11.584429871103623
392,missing,0.29828577071020856,-5.938764483195698
393,missing,-0.7554006931704438,0.5848560718827633
394,missing,-0.4583404120839682,-2.0699664259633925
395,missing,0.3352758016569986,-3.444602926384124
396,missing,-2.181491759325796,-12.020672389622348
397,missing,-0.3389536109901032,-0.2490459202653264
398,missing,-0.6411299081081061,-12.570863375568273
399,missing,-0.6355381867583748,-20.105644399314205
400,missing,1.1663056475666675,16.621752299197553
401,missing,0.9955280317556088,-4.165751132712737
402,missing,-1.1939552305903127,-15.269278544038903
403,missing,1.313173575351845,12.181769325060118
404,missing,-0.6212626607605547,-11.705215310103505
405,missing,-1.340481464105035,-19.303216298453172
406,missing,-0.15029116827437045,3.519599839196016
407,missing,-1.3042710162463635,-4.754170569174985
408,missing,-0.2254071132948208,-7.837857186731345
409,missing,0.6208044324053827,10.499494724765977
410,missing,-0.2085701948855485,-0.9381921132957018
411,missing,0.18773102139583953,-6.994950690586305
412,missing,-1.0376364280166686,-5.706286811312286
413,missing,0.3647485047559949,8.745642950577675
414,missing,0.7701949680705721,4.601832630211287
415,missing,1.328374774114092,15.521293633349941
416,missing,-0.5875042326799907,15.93689695476043
417,missing,1.4615199204988762,21.27723089240431
418,missing,0.11108896709567981,9.484067087420941
419,missing,-0.41823081473955315,-6.6163339986210845
420,missing,0.9228123888824123,-8.15061892907019
421,missing,1.3266676725261388,-0.3636326837807109
422,missing,0.5327388389881847,7.0147302190411605
423,missing,-0.4273259096665752,-4.121067847960016
424,missing,-1.0332455210162823,-1.7894291907375455
425,missing,-0.25149670145096725,-5.486260872136229
426,missing,-0.0020097823766689143,-5.947368431717395
427,missing,-0.6085103007860758,3.2975637626487506
428,missing,0.0740130829089967,8.397857686493232
429,missing,1.1122649476156936,6.409508972132847
430,missing,0.5147960309861976,5.958978547763196
431,missing,-0.3740789498235739,-2.426069074698861
432,missing,-0.6292086120489053,4.483408574705926
433,missing,-0.38190639692985495,6.779195865289791
434,missing,1.5117771908059225,8.814288920823785
435,missing,-0.6722292217426877,12.590176771163465
436,missing,-0.19562050980835785,-7.07963016118476
437,missing,1.0705334924396557,14.510822558738974
438,missing,-0.3848918939641006,-4.231906524401051
439,missing,0.13031906558537742,-1.9687979572881589
440,missing,0.5015397878978701,-7.26322063551336
441,missing,-0.8034779923983265,-10.604721972449985
442,missing,0.405811193280568,4.269443054546655
443,missing,-0.94221329596485,6.690535911422925
444,missing,-0.8932386636721302,9.864766516676756
445,missing,0.1956036633773475,13.596563351974837
446,missing,-0.48012571115948466,-20.76359343191554
447,missing,-0.36230851898772504,-4.647788926188302
448,missing,-0.8104908651970179,-2.859055175460561
449,missing,-0.09923383366750527,3.821348470832481
450,missing,0.19378590615713623,9.348200110009678
451,missing,0.5783357030381145,2.2359217870350037
452,missing,1.0665432597304456,9.022353221133008
453,missing,-0.29985463761138087,-11.74949705099585
454,missing,-1.0052295207495445,8.342163845820533
455,missing,0.3172561589270775,-1.0198295602612335
456,missing,-0.4071708853994423,-1.762677367708912
457,missing,1.876727384060181,6.738798835914188
458,missing,1.5867101356918074,10.739436749778703
459,missing,-1.5806829159307436,-1.6614062614265828
460,missing,0.23840839710949782,6.735372121087936
461,missing,1.5957365854721457,4.4703636291420885
462,missing,0.3119118143436059,6.183322974434812
463,missing,-0.04203274988395521,5.224774004865815
464,missing,-0.36385487257145294,-2.9237652057454513
465,missing,-0.8810025561122588,-5.809126043934097
466,missing,-0.7167461429012971,-12.499290875653896
467,missing,1.108458365708912,18.685758238555724
468,missing,-0.5861938612203148,15.372450007086671
469,missing,-0.3673702199751366,2.1130194227542844
470,missing,-0.24911558182719154,-5.035922407047405
471,missing,2.1030444111622884,14.061379649628137
472,missing,0.9648726823592387,-7.083241324678413
473,missing,1.0190205439149138,12.761379896094855
474,missing,0.13620345984823712,-7.216435952310844
475,missing,-0.8158527957030114,-4.754568618816162
476,missing,-0.04017674176816655,-4.239442585274433
477,missing,1.0296550827215207,0.9962132459940634
478,missing,-2.2182560485432212,-2.587651232675734
479,missing,1.1576990869322237,8.49718585197855
480,missing,-0.07470008656393762,-11.378047493847705
481,missing,-0.46984649135718787,-14.874769258087621
482,missing,-0.9703496434164077,-9.932892211097698
483,missing,1.142788811056207,12.834891941189342
484,missing,0.19955453432152795,3.198598746926245
485,missing,0.7196616206684052,1.948923766281508
486,missing,0.18974579089320565,7.59302239522749
487,missing,-0.737189023343992,-7.980548288819519
488,missing,-0.3235350424520202,7.440530222756727
489,missing,1.601232182261023,13.83951318877075
490,missing,1.4121579309590087,-7.76750300478426
491,missing,-0.199769721473288,-1.5442707816154453
492,missing,0.8513483645704445,22.319236572400744
493,missing,0.8021976922318683,-13.40399395132289
494,missing,-0.08644850105080858,-14.661661874708296
495,missing,-1.109991974514608,-10.277988304066547
496,missing,-1.1606133956392946,-7.494694145354463
497,missing,-1.6148303120985008,-5.818734323070337
498,missing,1.0916463127962635,3.8683636525335334
499,missing,0.4868437227007352,15.09714576912253
500,missing,0.20866317502419213,15.311887893428418
501,missing,0.5269596291635902,7.582040032057102
502,missing,2.3660659235760257,22.944816907588816
503,missing,-0.3303118357134039,-2.506661180751354
504,missing,-2.2733203673601787,-13.618918211045237
505,missing,1.1270906881364529,5.324654498035714
506,missing,-0.5280223468038707,-14.74905245769594
507,missing,1.3974829563850815,19.084388527610574
508,missing,0.3267014832436107,0.9383928036737457
509,missing,1.0657806458097807,2.2336325237472634
510,missing,1.7142303316620107,-0.2130670185713126
511,missing,2.3975018247035513,11.166869476508996
512,missing,-1.3601540498143738,-3.18489733339465
513,missing,1.6701919615052843,5.395590090076347
514,missing,-0.49838393372839174,-0.8396884361141536
515,missing,0.031202783213404806,-3.751762141772705
516,missing,-0.3130154443891937,-1.5084855142031177
517,missing,0.05784086705664136,13.371291407631025
518,missing,-1.4009768599974872,-1.2461071422800005
519,missing,-1.5036864196704924,3.8249845195713776
520,missing,0.7126274487559545,6.3670414546848075
521,missing,0.21602249847937852,8.878437599568917
522,missing,-1.8058074563039763,-15.429911982915858
523,missing,-0.4103527816942626,-2.4552074408346365
524,missing,0.1097680251129951,-5.689906377413501
525,missing,-0.6931127626048533,-10.110288033954491
526,missing,-0.002705271859448538,5.876894463354509
527,missing,0.8954432036290558,8.370009797514527
528,missing,-1.9246287167419593,-10.214570634251636
529,missing,-0.4393800346864024,-9.328003188687482
530,missing,1.205690942925209,-9.962315203876763
531,missing,-0.8061895041126681,-4.906159751473613
532,missing,0.8707279361867003,-0.6231536763865811
533,missing,0.014577412074676548,-3.9856149730288797
534,missing,1.5537468524207625,6.90337351994937
535,missing,-0.47851321434772554,0.9671932826569768
536,missing,0.4496934973258444,12.51513226458763
537,missing,-0.6993923850078371,13.674676301981457
538,missing,-0.8814666241031811,-16.341798361480993
539,missing,-0.2953471150897126,8.219110983604674
540,missing,-0.669905183906961,-11.387131395608435
541,missing,0.24948058622690322,8.977207957571833
542,missing,0.32124837153378616,7.694331370138875
543,missing,0.6677936988079205,-1.1302852517281499
544,missing,-0.9060203525089239,-1.0728437018059216
545,missing,1.0423197282551322,5.526012482271405
546,missing,-0.3480830770001433,-6.348760106428552
547,missing,0.9429699588398618,-2.8334190122435916
548,missing,-1.5171039143440954,-17.56971940449098
549,missing,-0.5724381526291997,-10.858782463179534
550,missing,1.3831718009285092,-6.400024956677996
551,missing,-0.15320398722545683,-6.490792057171289
552,missing,-0.6632217446977041,7.490806995450474
553,missing,-0.21265747532692192,-8.621272555729101
554,missing,0.03771501575526146,6.649438150679348
555,missing,-0.49821709770541966,-8.818431380413955
556,missing,-0.7127580978134535,-7.512813952384632
557,missing,1.1483480772157633,-8.745004754940394
558,missing,-0.07434225705635483,-3.677001605341951
559,missing,0.7944143822913621,9.350967490772714
560,missing,-0.23025374695051107,3.4018921022436963
561,missing,-0.2971689209436573,-7.758099054069131
562,missing,0.00896505784634928,18.39115856961711
563,missing,1.3228052488767414,10.082633066154552
564,missing,1.8511396277258372,31.0997327977674
565,missing,-0.027721629998750063,6.705158925244653
566,missing,-1.1616320319451514,-8.373563486338519
567,missing,1.3748869040251532,11.888516814218827
568,missing,-0.151049198582671,4.618495068486974
569,missing,1.0481569702275944,15.807592398380946
570,missing,-0.5144017923521284,-8.911008868793463
571,missing,-0.3111819511993698,10.703819949307949
572,missing,-1.0629499947058207,-17.80833668412735
573,missing,-0.40366748551685183,3.567391885434202
574,missing,2.3247168304151082,13.893292017178613
575,missing,-0.9127293831737547,-8.71164901344541
576,missing,-0.8288643035161837,6.8841183098289385
577,missing,-0.4962200503873235,-4.328321821596746
578,missing,1.0223612770388004,11.079489444366569
579,missing,0.7898426094870045,8.456241113882141
580,missing,-0.23930592036859977,1.4854725620591398
581,missing,-0.7478443219632281,6.99493360521385
582,missing,1.3799189820471693,0.2588708877775255
583,missing,-1.42496722811073,-7.481849025904701
584,missing,-0.6751059447754753,-3.6841891620582885
585,missing,-1.1255846361367987,-3.3742157975461957
586,missing,-1.8740189581944504,-15.381794538639223
587,missing,-1.0427743412339017,-0.6001488386351241
588,missing,1.1682765621196958,10.41429341205975
589,missing,-1.973305289470534,-17.197630250028517
590,missing,2.197629907324405,4.210291645363744
591,missing,-0.9697453951962476,-3.3038006541044225
592,missing,-0.9122194793138854,-8.83477512162762
593,missing,-0.019460143931413425,7.03208332459
594,missing,1.2320139255875566,7.407547769342134
595,missing,0.8533108865833717,5.932598823790802
596,missing,0.7962085337279716,19.528125873175096
597,missing,1.736500719006368,8.257828163297122
598,missing,0.6956897772081998,-6.28845298239838
599,missing,0.8603849771778052,-3.442250608153863
600,missing,1.5412553662044848,1.407031141310578
601,missing,-0.5121923993568694,3.6290702781657798
602,missing,-0.16418003171004186,-9.533027500255898
603,missing,2.036862030757511,8.285239087688485
604,missing,0.0890502415582487,-6.924835750589751
605,missing,-0.4466194150928756,-6.777248711554619
606,missing,-0.9701725304445827,-4.5954108311340125
607,missing,-0.6244877237804977,5.776372089685239
608,missing,-0.4766763350992437,-9.839380740101427
609,missing,0.6108854541378959,13.091376557665793
610,missing,-0.5068726836629754,-2.4003619060788832
611,missing,-0.003054573377201976,11.588520994058792
612,missing,0.6046118293247459,5.236236102156828
613,missing,0.6811757408262823,8.410490077206251
614,missing,-0.9613854458426102,-2.1732139933858896
615,missing,-0.2752156738271275,-25.1539541055281
616,missing,1.730507946659774,4.710771993750932
617,missing,-1.4983554504400087,-2.042878051744037
618,missing,-0.7974894115143851,-13.562508240739065
619,missing,-0.7163992220721063,7.884023059510421
620,missing,1.2144450325893164,-5.872337993761385
621,missing,0.7561075050226563,4.773481840692812
622,missing,-0.6173500811329399,-3.768785104303896
623,missing,0.6987857570161394,0.36592997471969313
624,missing,-0.003600884016665453,0.8580530546902917
625,missing,0.5020489963611073,-6.312085448754489
626,missing,0.5187044602314138,-3.8993316586301523
627,missing,1.0781757018758633,-9.181881228880695
628,missing,-1.0252595097858943,-17.453670471203978
629,missing,-0.7032265933564821,6.6697570041331415
630,missing,-1.5475878001465564,-6.603097643532285
631,missing,-1.2002460796827061,-22.55037675443327
632,missing,-0.9170090525016836,-1.9594521274985188
633,missing,0.6705644802991182,2.9827760683952658
634,missing,0.17283074937258294,-9.082852687343411
635,missing,-0.670597542727573,-15.286644115263082
636,missing,-1.3658232552415341,-14.904676474085173
637,missing,1.2164674912072564,0.7938088004048507
638,missing,0.3653286471937177,2.9762826927859374
639,missing,1.4138604189310515,3.078484100881851
640,missing,-0.24173491434938732,7.762336417425957
641,missing,-0.464412708550208,-10.540320882409867
642,missing,-0.8387590947334079,2.9253843709054657
643,missing,2.1224873310826227,5.083763498954987
644,missing,0.07018015131726385,-13.771705888415557
645,missing,-0.8713568522466799,0.534362671818743
646,missing,-1.4708274993432187,1.9154513879520334
647,missing,0.6575305098905796,-0.5281010979956735
648,missing,-1.644440532059104,-2.331292624451436
649,missing,-0.5210671830282286,4.108611072392135
650,missing,2.014786069830206,12.477769436969094
651,missing,-0.08715562351053144,-0.6305888322756736
652,missing,-0.8467449474802277,-11.253561534422646
653,missing,-0.7017180189286485,-15.953280291067815
654,missing,-1.2457181619969897,-3.317039504778373
655,missing,-0.4518587743170206,-16.905844495194543
656,missing,0.37071621637079716,-15.232247869763333
657,missing,-0.285064323965651,-13.995083228736355
658,missing,0.22364142848772875,18.1141718874442
659,missing,0.4213356544969724,-9.905444250311783
660,missing,1.1393993488842828,6.162861735119773
661,missing,-0.670174625609943,13.642527715238273
662,missing,-0.12105263275300779,-2.388346675479866
663,missing,0.4296500917742008,-10.566621089361059
664,missing,-1.172896258411456,-2.9927557193144176
665,missing,0.7071814666915454,2.9070756641237656
666,missing,0.7522742327662858,5.143712147430651
667,missing,-0.7391639183409622,-24.60505916411929
668,missing,0.7281063620197467,13.131324405001264
669,missing,2.1794250146963385,18.63620250353505
670,missing,1.171842897381777,4.332317679042829
671,missing,-1.127768488118673,-5.0108155036566835
672,missing,-2.001346997704664,-10.81589028306728
673,missing,-0.21620369070953,7.151962204520615
674,missing,-0.922564853673866,-12.333671782460135
675,missing,-1.6583486064621378,-11.55917660888573
676,missing,0.23934817304755143,14.892255346926587
677,missing,-1.6095915326635302,4.188957010767375
678,missing,0.22718196914406708,-7.7631141377653945
679,missing,-1.7333344204487802,-12.5230476863199
680,missing,-0.3407279493936158,5.133811383479491
681,missing,1.3277551087167376,18.559874312146725
682,missing,0.9489280449322274,13.03219832844448
683,missing,2.3825977262805567,15.825973672285405
684,missing,-0.6025361089749598,1.848214031636303
685,missing,0.6031194870760578,-0.8914266904413229
686,missing,1.2803902032646504,5.829485101069912
687,missing,0.927916417106803,15.299479053666548
688,missing,0.9808906928948886,-1.7361826281740227
689,missing,-1.32840917963185,-13.164060066685384
690,missing,-0.32631366948630225,-11.377703512558709
691,missing,-1.160686233281693,-5.514579467743616
692,missing,-0.40862795648427325,11.353145441759505
693,missing,0.4824037185637832,-7.935673072340271
694,missing,-0.36519469114946507,8.181541204658805
695,missing,1.7061936975959997,9.72121509515168
696,missing,0.2718524851420753,6.161077836565273
697,missing,0.39658087646535023,4.10636214634096
698,missing,-0.700962289844809,12.250625915843576
699,missing,0.6062164807539907,-0.8374971539093369
700,missing,-1.3010824270615713,0.555768174946186
701,missing,0.23389516278592773,1.0357093677713602
702,missing,-0.1497999193552707,6.639361425074068
703,missing,0.9980366933826478,3.1116639543164175
704,missing,-0.06775243108402049,-9.618121016945524
705,missing,0.49232325743362154,-7.345685503807288
706,missing,0.60269100179057,12.594645018848446
707,missing,0.7741828989607666,-1.0010576961124078
708,missing,-0.14336672618308446,-0.4779556075268967
709,missing,0.6785006536950063,7.036329917061422
710,missing,2.520190131512456,22.20618435311684
711,missing,-0.2588776221956702,-6.4595474218144355
712,missing,0.20865092610164276,4.354001203660487
713,missing,-0.6979920521534907,-4.607359145113964
714,missing,1.844149413902189,-8.038087196756857
715,missing,0.09217741994011505,6.370551551126008
716,missing,0.19540363349948447,7.8554538881542255
717,missing,0.2877517342142825,1.959555712863171
718,missing,0.10433192863119703,-1.8868329098157453
719,missing,1.387816765593073,7.910518982027465
720,missing,1.1701212011151607,6.998778682183812
721,missing,-1.32800759090614,-9.955812567188039
722,missing,-1.5422997500994726,-22.18581153493844
723,missing,-0.7555995563495518,-6.521845935064343
724,missing,1.0433166943413585,25.172415034579405
725,missing,-0.3338429945010515,6.557451914049602
726,missing,-0.5258940665871406,-4.866241361901732
727,missing,-1.1396788922114243,-11.644280593460426
728,missing,1.6533378957247853,15.080739385973153
729,missing,0.7898763346357918,10.157136008955575
730,missing,0.4120469361812689,7.426473788475987
731,missing,0.4427785799407111,-4.754180826530274
732,missing,-1.8162183756376464,-10.62882771741047
733,missing,-0.48594185933718487,-3.653264232181999
734,missing,0.5777939956866431,-1.698809583951475
735,missing,-0.15599653928494114,-16.23882052696843
736,missing,-0.7945747137580357,-8.537238248060751
737,missing,1.1415333284134923,-0.7880043322341855
738,missing,1.7390278971899544,0.28744222697114225
739,missing,-0.2764288836193721,12.216522155151202
740,missing,-0.8718100886156539,1.6273453571627203
741,missing,-1.0394189308886266,-6.638863223088943
742,missing,1.1003503320286028,17.926358367553778
743,missing,-0.5113121077815929,0.38174514844460816
744,missing,0.47431268102403606,24.41264352033783
745,missing,-0.04080019809283236,10.029222318229326
746,missing,0.12272204208834106,2.061306898700124
747,missing,-0.5267033435562541,0.953040087583811
748,missing,0.23386864219699569,17.254780988406523
749,missing,-0.08492994533575893,-2.248732291100331
750,missing,0.4993092964159509,-4.708004673523699
751,missing,1.4875147974398721,6.006784135018379
752,missing,-0.8756089711285512,0.4748003169611763
753,missing,0.3134829457810868,11.203954033520874
754,missing,0.16353830431202376,4.791002223325215
755,missing,1.4871158045742017,7.453383172421092
756,missing,-1.2986381900026571,-0.13610935192655882
757,missing,-0.5841846966563621,-1.60269207478539
758,missing,0.6085469982441918,1.912365619626219
759,missing,-0.3296022860155453,-7.03406761204182
760,missing,0.2680185024666916,5.346448756626068
761,missing,-0.6835110339162109,-6.753846329105024
762,missing,-0.41641692920589396,-10.875384302167564
763,missing,-0.06834585687637751,0.4446999482806091
764,missing,0.8630578803084797,-4.1482330861725805
765,missing,0.2696482009908545,12.696042407260974
766,missing,1.935152514108722,22.197046527256074
767,missing,-1.40553913336769,3.6899457814305654
768,missing,0.49970001901820427,7.945012721749418
769,missing,0.07180794692138091,-6.56139153683765
770,missing,0.5470752141015212,-3.5416935528662608
771,missing,1.0507077548538692,-0.053121585362565504
772,missing,-1.2002297876885615,-1.13142380004031
773,missing,-0.6938938896974765,-5.540169618017563
774,missing,-0.5165263984892031,4.343351404247085
775,missing,-0.35024546582040395,8.986092968140202
776,missing,0.06483936930954677,-10.546078745320736
777,missing,0.9906701786002944,-2.050618838654927
778,missing,-0.3823041504725084,5.839930401532815
779,missing,-1.8855317939755045,2.47106716610901
780,missing,0.10380191192971813,5.800127042629063
781,missing,-1.8076988424046925,-13.79457910150907
782,missing,1.6724818453829038,-5.470824180544031
783,missing,0.648079281142267,15.47540086618241
784,missing,-2.1326384691618716,-6.056178162306829
785,missing,-0.3400588914601069,17.008110831068173
786,missing,0.7000026157482592,5.773839708188087
787,missing,0.1886573313954034,19.16399494801661
788,missing,0.4810261563007762,4.4643405849679985
789,missing,-0.08224702430825617,-5.677351197630024
790,missing,-0.6947791473554447,-5.613966538668384
791,missing,1.553824735133803,7.349794737187665
792,missing,0.26364526896700563,3.7662601455809077
793,missing,-0.27326404420771544,12.490019722475402
794,missing,0.9759303845865461,6.810653379564081
795,missing,0.930572720204357,1.7962939686817425
796,missing,-0.35002682855209977,0.4217554189377173
797,missing,-0.1428980834509161,-1.950484647687655
798,missing,-0.5467595334511588,8.580498640244976
799,missing,-0.6111146468812665,5.357215395946777
800,missing,0.27986716097072206,3.263021194129039
801,missing,0.7973382865842499,-4.783828824578893
802,missing,-0.36565725769467217,-4.016355522478062
803,missing,-0.9762616352574447,-11.420289839681477
804,missing,0.6518785872224621,11.152598955184947
805,missing,-1.5734853949682144,-10.976142182598355
806,missing,-0.599299575473838,-10.381188063362067
807,missing,-1.5276219220532643,-7.660163037644406
808,missing,-0.5715321043705825,-8.18097325406904
809,missing,-2.0673455528671574,9.460730870508685
810,missing,0.06406101905692849,7.377005734092451
811,missing,-0.9233188485290085,-0.18110890613031705
812,missing,0.6227199768349625,6.559006932148764
813,missing,0.9832843950500536,2.564508265023215
814,missing,0.07240025795118847,4.95281874097894
815,missing,0.002600546954024013,3.435706198439645
816,missing,-0.9681177714860653,7.869503503745469
817,missing,-0.1540556292488944,2.651856757585346
818,missing,-1.4757809867757985,-17.40549364050044
819,missing,0.49614478994123273,-0.3420751158406137
820,missing,-1.0533555511637505,-4.944222430283558
821,missing,-0.7440842904274135,5.876245365999088
822,missing,0.009437711920996548,-8.02122925750816
823,missing,1.2576090287771222,-11.599248911813829
824,missing,0.24066908237040002,8.3558006676295
825,missing,0.24570987321465337,-9.363401860506066
826,missing,-0.9835632860631799,-3.336445546184512
827,missing,1.7647531826613088,1.3748455272294042
828,missing,-0.7920535991191967,-4.059428210497739
829,missing,-0.949990384391267,-9.646922941071256
830,missing,1.4753144491077115,1.3423963923024882
831,missing,1.2262229448584552,2.278121486103159
832,missing,0.6433560948729478,10.78073558157575
833,missing,0.6136311848551682,5.172710539133339
834,missing,-0.8112395545682893,-11.232686688861037
835,missing,0.9726244199702692,15.218941163035453
836,missing,0.873889302484903,12.108366508808006
837,missing,2.2542576718876393,9.368949144802015
838,missing,0.6563276668231943,3.1689619881407665
839,missing,-0.347936441686992,-12.643332532220544
840,missing,0.5743903456066393,10.28445370098772
841,missing,0.9561724276907013,14.168197521121753
842,missing,-0.9189013698416593,7.770969742905824
843,missing,-1.2621669273926492,1.151266189356325
844,missing,0.6536570268897142,15.471797678691056
845,missing,0.7813606242590798,15.022933528406945
846,missing,0.6442525926729904,17.469281798827208
847,missing,-0.06476760285814136,-12.925360777358016
848,missing,-0.4271512745335886,-4.253861836412288
849,missing,-0.34471983746311474,-14.719969651793313
850,missing,-1.2495490946822545,-6.238842105677142
851,missing,0.5101485545594102,2.7426511433267873
852,missing,-0.5965886639001545,-12.729093398313996
853,missing,0.4785431248485998,7.989260204528251
854,missing,-0.8842171244445024,-6.44693728953428
855,missing,1.78130860103223,9.398559874048972
856,missing,0.19492128913535095,-0.254995127467079
857,missing,0.6072969456941095,2.4358355091165835
858,missing,-0.6775026896205205,-8.085737719058889
859,missing,-0.8047197190968881,-14.295528643258882
860,missing,-2.5247281970541513,-6.454627088035023
861,missing,0.9712848011456299,1.832445741453145
862,missing,0.5198792608273504,-5.136537153639354
863,missing,-2.278690277431467,-26.739841095773482
864,missing,-0.6610189109955864,-17.417445527242176
865,missing,0.8382974721111551,-6.973707273343505
866,missing,-0.8217717725822322,-4.415039016279993
867,missing,-0.9826203710571108,-9.344093056097739
868,missing,-0.2924077092530808,0.11933540448017826
869,missing,0.9885459716847524,6.665605456882929
870,missing,-0.19516236464667672,-0.03668343661255791
871,missing,0.39928066827808945,1.0798805440131227
872,missing,0.9158728797837703,23.931409030992324
873,missing,0.2473362885681957,4.65139826651507
874,missing,-0.398826323269115,5.1726268141566045
875,missing,0.29685229480378644,-15.90423559678571
876,missing,0.0642322644992713,3.2375630549017798
877,missing,-0.8282621807421284,-8.38449284427039
878,missing,-0.14287410055464858,0.6668150540900641
879,missing,-0.18380695752314896,-2.656427862334364
880,missing,0.9628270596523595,-7.436758273301584
881,missing,0.7213332854227374,6.54223056866224
882,missing,0.7559916057483204,10.059654330738349
883,missing,1.2590135790944523,13.45247129335898
884,missing,-0.2056125219567172,-8.093585996283887
885,missing,1.8201095020271871,1.9414429306996088
886,missing,0.4968004558630909,9.35027171344343
887,missing,1.2468021442233346,3.442035100246994
888,missing,1.827483639739301,-6.193375374778312
889,missing,-1.0267407772745838,-2.893699948473679
890,missing,-0.9987160741293271,-19.521237144343313
891,missing,1.425524163907214,-4.127336499063223
892,missing,0.5874823572612826,-18.46407889059043
893,missing,-0.20334121173465416,6.378786213195731
894,missing,1.94426709030739,10.490767961490441
895,missing,-0.5796237703310884,-7.4884434104471085
896,missing,-0.6295643471417032,0.014617563967298797
897,missing,-0.8084906262247243,-6.833505675154074
898,missing,-1.2982979117668667,-3.432728699866363
899,missing,-0.3582624363098212,6.311173804513158
900,missing,-2.369809490875976,-3.5816387888987062
901,missing,-1.2176363096475502,-8.380539348270057
902,missing,0.3520071354589302,-7.013226863284695
903,missing,0.39024297565196014,2.981247619348972
904,missing,1.1951388552318158,10.54519414482147
905,missing,0.3590257759790579,16.18585037189511
906,missing,0.5535782284775171,6.059664305247983
907,missing,-1.111597758618415,-12.045389475601665
908,missing,1.505237572148585,11.476402464631557
909,missing,-1.197284769525298,-5.571245264217669
910,missing,-0.47964999959463417,-2.4352605917885923
911,missing,-0.6883860500213949,-5.27752792744312
912,missing,0.6843628905412386,5.711632323185729
913,missing,1.0340844804083542,-10.66195631915773
914,missing,0.25915823499606977,-4.536723613567782
915,missing,-1.4781762671824408,-21.46318504673023
916,missing,0.5840363564844843,4.927398356417006
917,missing,-0.860735564890358,-17.223423854187796
918,missing,1.5927951449035822,18.03071088008471
919,missing,0.658245870256788,-4.092876553440512
920,missing,-0.8047803028608548,1.521146475128448
921,missing,-0.6158358729576072,-3.183517059733001
922,missing,-1.9722797517769974,-8.680506353085073
923,missing,1.2014833941209835,17.76983030134824
924,missing,-0.6774285464761735,-7.305049429883188
925,missing,-0.43099227047912864,5.407533356573749
926,missing,0.2943906580865976,-3.9084288247154864
927,missing,-0.2400155709555326,-6.61289768628223
928,missing,1.6011233366219173,16.187192074765534
929,missing,-0.3964773998478759,-4.135961198276918
930,missing,-0.7356461677002557,-12.585694764693944
931,missing,-0.44537565541685115,10.583089604466592
932,missing,-0.8024544119976753,-4.8962000328708015
933,missing,0.33227620548883824,14.374366883017897
934,missing,-0.3988211716980656,-9.713005756324238
935,missing,-0.17967828550467502,11.579752216791663
936,missing,0.025810421936498133,-5.935227804742555
937,missing,1.5973768491784384,12.674614154330811
938,missing,1.2554421444606862,6.086366708985924
939,missing,-1.9126989030926465,-14.124162744878005
940,missing,-0.9505633053067379,-7.287988344277274
941,missing,-0.5088688312925681,4.657571393112217
942,missing,-1.760768487497096,0.5458887755993254
943,missing,0.6379737219381645,-1.4649415946289759
944,missing,-0.49007455397182004,-1.5054396728732016
945,missing,-1.350247699297029,-12.872276161822143
946,missing,-0.5484322191360532,3.5587505631671528
947,missing,-0.3861845509495035,-11.532237939559648
948,missing,0.09690664532443859,-4.550602397672987
949,missing,0.10904407425851922,1.6575336477213205
950,missing,0.9731739442472916,7.196823924841052
951,missing,0.29216404409168717,1.7891953457523413
952,missing,-1.8456729875871556,-0.9041878290068153
953,missing,-1.0300866667689215,-16.800217109228313
954,missing,-0.2116867735896178,2.06840326742383
955,missing,0.5791830844536983,3.365470277754529
956,missing,-0.6709285851053118,0.7669988012118025
957,missing,-0.5124290989509984,-7.693243547848029
958,missing,-2.051011242445961,-18.45725297694062
959,missing,-0.021603497563159053,13.262173666504143
960,missing,0.5791586542903098,14.057539680862082
961,missing,-0.03810809580747522,-1.1171735289853728
962,missing,1.9208718276802899,6.564828446318299
963,missing,-0.5547062548736343,3.2880635042916655
964,missing,1.23787781118861,8.40014929985151
965,missing,-0.5719543183550485,-2.1519206811520335
966,missing,1.4658696845067802,3.2131205189643968
967,missing,-0.2498372799624162,9.618908165637981
968,missing,-0.25820204788968587,-3.7310535602492907
969,missing,0.8280992432378467,16.100729513071684
970,missing,-0.012414930952613888,11.736473583849346
971,missing,-0.8871011163393899,0.3190157857737883
972,missing,-0.12822765310099754,9.057105309031025
973,missing,0.42777376852085025,-6.0532911638097255
974,missing,-0.09723967076446227,2.583543166919484
975,missing,-0.45824392186376955,2.8734927933640773
976,missing,-0.010963288155768252,2.2680630284783416
977,missing,-0.19591447785567573,8.081490218639674
978,missing,0.07268761529155726,1.563183117479262
979,missing,0.9142600947613255,10.705829453230606
980,missing,1.1505520493953185,2.9702890992312323
981,missing,1.3951126845660846,4.764765917999698
982,missing,1.0297602332293243,-2.601902969629635
983,missing,-0.6051734590467052,-13.73000866934053
984,missing,-1.6752056182584212,-7.702340987738257
985,missing,0.4088609841679657,-1.8434820707171367
986,missing,-1.264937693886212,4.92400436707931
987,missing,2.0459007511902403,12.196286779237758
988,missing,-0.3191439308786002,-13.53725321697898
989,missing,-0.8136730313326354,1.9577312621480472
990,missing,0.3609884630088015,-12.390716238286037
991,missing,0.1480552111332668,14.204504137333023
992,missing,1.2260096978841248,-5.205056648765657
993,missing,0.8902339052951441,11.069276013261327
994,missing,1.1921091211979322,8.884656538137023
995,missing,-1.906588044877464,-17.75711990898298
996,missing,-0.7561401792748473,-6.714056012213843
997,missing,-0.5341039407012184,6.87867842921572
998,missing,-1.1197565439901465,-4.9913410211198155
999,missing,0.3007288500619877,-1.881737751551773
