data point nr.,x1,x2,y
0,0.4367120885776148,missing,-0.18285434111728616
1,0.06755004891604438,missing,3.579715578913949
2,-1.966110718413464,missing,-6.685893622110916
3,-1.8124255785142185,missing,-6.81809353897639
4,1.3315947398731172,missing,7.818590214712668
5,0.04588806116251844,missing,-0.5530967693314521
6,1.1546690971538491,missing,5.22611889865402
7,-0.43693086056898955,missing,-0.6832846158584418
8,0.42050220348573514,missing,1.8326217513089638
9,-1.4654912177355102,missing,-1.2501594583261393
10,0.06452914204186333,missing,-2.4637756332933938
11,0.41726084655071766,missing,3.485146874446653
12,-1.9493000587942821,missing,-5.960904533850974
13,-0.21454498144465026,missing,3.335835385923101
14,-0.38752571092086635,missing,-4.706818497652861
15,-0.330313365994917,missing,0.5628597027388904
16,0.42448228314143,missing,-0.07796783191766865
17,0.42568024115470404,missing,5.37848121839875
18,1.1171305599007715,missing,5.040557738220861
19,-0.025402735428634915,missing,-0.9197972711623454
20,0.9661817971619632,missing,1.4452907077499981
21,-0.6423378426277011,missing,-1.9934809789866963
22,2.1860387378324306,missing,10.349982468559887
23,0.12652632828291502,missing,2.3558592942583525
24,0.03669091331647519,missing,-1.729283472478194
25,0.2534771925164858,missing,0.9741308673898844
26,-1.6400180703701235,missing,-3.7444054596183283
27,-1.0477791206948583,missing,-1.7833669156592153
28,-0.5405877870274096,missing,-0.06507254497519077
29,0.2026923265837703,missing,1.5521582507728797
30,0.6025640381513727,missing,2.711611205942948
31,2.4818957555987473,missing,10.726485273556904
32,0.00678779236628724,missing,-0.11840767240402417
33,0.7868323663866627,missing,0.15699776961240608
34,-2.3220608277019603,missing,-8.106089634366032
35,0.5650888019410133,missing,1.422635404704423
36,0.46924387520149785,missing,6.062902182082061
37,0.46821924592694514,missing,4.743850801284806
38,0.25662665439738663,missing,3.3717443752313234
39,-0.8300177245197621,missing,-3.2892315881398844
40,1.4585922757869847,missing,5.781724972294119
41,-0.8062566078866188,missing,-6.661971993064261
42,0.5869569682396669,missing,2.6635816185649768
43,-0.8415696960563261,missing,-4.513402597782086
44,0.0629045112331054,missing,0.09002968966960243
45,0.16317613697613162,missing,1.305202313113655
46,-1.8861659042181826,missing,-3.8064987729609334
47,-0.825255794872963,missing,-5.024614190075576
48,-1.2562555579881864,missing,-9.213138629701088
49,0.2679815314855434,missing,0.00966900657079417
50,-0.16305874844981513,missing,-0.031228430670138807
51,-0.2801614606687169,missing,0.09169146271633338
52,0.6529549733736189,missing,1.3189488582640536
53,-1.0336314579355712,missing,-1.9746082781853054
54,-0.26027570443550463,missing,0.2405824290086681
55,-0.12126851883904945,missing,0.4421239512816908
56,1.0172451302084156,missing,1.3833224698960682
57,-1.2789983344443114,missing,-4.564809307746655
58,0.9862971751112567,missing,1.5669342674746443
59,0.29202469202395903,missing,1.3325368593212863
60,-1.2874982914494923,missing,-0.7738103163962669
61,-0.7856501958633794,missing,-1.0566525115656256
62,-1.2572874810222552,missing,-3.340786915571971
63,-2.0758645231537325,missing,-10.529800490338882
64,-0.5444482922990471,missing,-3.5301289901058563
65,-0.2070712671257626,missing,-2.3674050185861866
66,1.352158941379532,missing,4.953762592327854
67,0.20260034040002597,missing,-1.1539198363165424
68,-0.10120002607211409,missing,1.2669029339665698
69,0.7764078666658272,missing,2.0890239786162867
70,0.453026346864489,missing,3.7838104066764657
71,0.6900168040386624,missing,5.737328930827517
72,0.5784897703535014,missing,-2.7121508020595573
73,0.1534418463420993,missing,4.048301775016668
74,-0.5243601468383318,missing,-0.9651304870369994
75,-0.6177226172486446,missing,-5.019817107361579
76,0.6069992178761452,missing,0.8881844236294542
77,-1.0215949056499287,missing,-2.330188924551973
78,2.816091109952091,missing,3.4669952127952115
79,0.4380010423281804,missing,6.441146297406935
80,-0.6968187120953926,missing,0.4086819532033348
81,-0.300636146186903,missing,-1.678444267409721
82,-0.08835125441702066,missing,-2.9794889639741937
83,0.6838963290304679,missing,2.7562639614185023
84,0.3991261740525603,missing,4.389420834583379
85,-0.20316373371278895,missing,1.6915821590154136
86,0.9884468707175663,missing,3.1311589044942463
87,-0.30180103676065695,missing,-3.992026175052628
88,-1.0220118961613127,missing,-0.08124048241220105
89,1.0719227413309274,missing,2.6942950245800805
90,-2.1943858297317496,missing,-4.997610013377511
91,0.5347406969718899,missing,0.19568315721655194
92,-1.5214869956550057,missing,-2.747799091764402
93,-0.1810603067805025,missing,-1.9315365285275945
94,-2.177584827217948,missing,-7.1972443155242045
95,-1.2375900358115637,missing,-4.671904144912427
96,0.25927567603517787,missing,2.058554438745927
97,1.554726614398466,missing,1.4556528128805004
98,-0.4837395337352361,missing,2.9141591626557304
99,1.1486532487640166,missing,4.5898577234471265
100,1.6938113280335687,missing,1.3459262573293427
101,-1.3221198671067123,missing,-6.748773444114156
102,-0.10775642137951809,missing,-1.0040820522552674
103,0.3802322524311227,missing,2.2807324499289967
104,1.2001322537334262,missing,5.49871986255945
105,-0.39328761489682623,missing,0.046031313311359456
106,0.13477069885908313,missing,0.35356968984009174
107,0.3778874167803208,missing,1.616289264055613
108,-0.07728273741215487,missing,1.9622522338252497
109,-0.7363740513893231,missing,-0.29870106221904047
110,1.8224726401811815,missing,4.876970574463733
111,0.7459133722390746,missing,-1.4439945976644593
112,-0.022351310647722784,missing,2.7757551020142404
113,-0.6307388375155278,missing,-5.0906758821941285
114,-0.7552557111992609,missing,-4.453745547296334
115,-1.0058459445915584,missing,-3.9017891023179083
116,-0.5943377363987877,missing,-5.093728129672963
117,-0.4263717450950137,missing,-0.6988263172327159
118,-0.7652841478980623,missing,2.6845609059179982
119,-0.8078717120652226,missing,0.538724380455162
120,-0.3821320044171015,missing,-1.642639122281364
121,-0.3484811158555245,missing,1.2619267450963512
122,-2.093410365519528,missing,-4.834930452766445
123,-1.830395823240867,missing,-7.815766348718532
124,-2.045773063917336,missing,-5.6964272200686725
125,1.606409034778369,missing,2.94014151273739
126,-1.552313513418515,missing,-5.667341090310965
127,0.0683795551254366,missing,0.4783998044720121
128,-0.39078063093232407,missing,-2.752635731883345
129,-1.36236335834609,missing,-4.1438279419689215
130,0.9148049995739971,missing,0.14373153279174467
131,1.8643431426121315,missing,1.04701922782091
132,0.18031971955417203,missing,1.4064320588784542
133,-0.4674588123395392,missing,-4.1646122001314785
134,-0.15839730055330867,missing,-2.9772146005023177
135,0.6298528810670968,missing,3.4321326269168346
136,1.351519746136878,missing,2.375348798594997
137,0.25631757988282855,missing,2.159092825820502
138,-0.846370228537424,missing,-0.2652508072425417
139,1.3013602691268038,missing,3.4048255428052396
140,0.5604349921348455,missing,4.154586879303271
141,0.4387567813735777,missing,1.2061169389122965
142,-0.3395318388887772,missing,1.4416618404605284
143,0.7285899323743726,missing,6.916703915914157
144,0.4922283972609653,missing,-0.7704301911874198
145,-0.14471280877283352,missing,-2.385530756565897
146,0.31783310310370755,missing,-2.8605902913755603
147,-1.6638014658457447,missing,-2.8764874505544027
148,1.1599168664968076,missing,2.903709422290766
149,-0.2073243364638918,missing,0.138427153691574
150,0.9005946219308729,missing,5.598311800618397
151,-0.8391217360941211,missing,-4.61138207756845
152,0.45142730253566926,missing,-0.5763227807528666
153,-0.6525870464353904,missing,-1.1274936455533675
154,1.5856659855748263,missing,5.331861516594807
155,-0.656953050275847,missing,-3.5788058414446025
156,0.20428162591223492,missing,-0.08842671415599179
157,-1.4868525344776053,missing,-1.9402892419170414
158,-0.29373685634598407,missing,4.140320968269289
159,-0.45742920990775937,missing,-6.3709649051719115
160,-1.278391203591066,missing,-3.621241720014038
161,0.571630536061163,missing,1.700819636850683
162,0.8916514058828324,missing,1.3109295441424091
163,-1.0757990480882833,missing,-2.6317596159339134
164,-0.9942300680250133,missing,-0.6900391862719106
165,2.3222398982557833,missing,8.037108004512527
166,0.9287646766710993,missing,0.554135032287664
167,0.820856229584806,missing,4.831315607871069
168,1.7127671327781235,missing,5.096002378807271
169,0.04914762677166159,missing,0.6087875098052633
170,0.8095487956469706,missing,5.832132219325226
171,0.16523055943313933,missing,0.8770310979909454
172,-0.6375013078579518,missing,-1.7632028911497326
173,0.0024588607221764773,missing,-3.632117085648699
174,0.7303716053325064,missing,-0.6436008415976044
175,-0.9015053873593296,missing,-0.15101124589836507
176,-0.3674250191893109,missing,-5.045523963315434
177,-1.2460494040961552,missing,-5.754201476509604
178,-0.40900264304877865,missing,1.30027754932265
179,-0.25019335382097224,missing,1.069870048313814
180,0.6320609096834733,missing,0.614902971959457
181,0.29077623803725794,missing,0.7450792126947801
182,-0.008953065105635444,missing,4.393164147692653
183,-0.43315506654819913,missing,0.1648889244173395
184,-1.468863766622989,missing,-3.7394956444346144
185,0.6116404000053706,missing,1.374209613338419
186,1.2013957788675926,missing,0.9728358756644777
187,-0.7224105901966621,missing,-1.0864470067998222
188,0.9058668278766661,missing,3.992501951349059
189,-0.46397190035471364,missing,-0.24895228742002518
190,-1.919951148840236,missing,-8.794891144360568
191,-0.13197607172620474,missing,2.223353436392179
192,-0.6851764448963719,missing,-0.4381369697731554
193,1.40839381921427,missing,4.213967153709727
194,0.8097888138667789,missing,1.921323490224719
195,0.04379604117901051,missing,0.7990448225951359
196,-0.0016708217801278068,missing,-1.1669665285282182
197,0.4803419932448997,missing,2.15026216222483
198,0.003746142166371743,missing,0.5175500175585888
199,-0.9325587188869117,missing,-5.632556474861531
200,-0.2113030349624938,missing,-1.8153136887568186
201,-0.014826956681321925,missing,-3.6015368213067007
202,-0.24716085317150255,missing,-0.1764933645626512
203,0.652738758621403,missing,1.2972892369212856
204,-0.4229415382286837,missing,-0.4502705437875753
205,1.1042498177867504,missing,2.2206082145902686
206,-0.918129434996426,missing,-6.029403588847029
207,-0.7491182947825895,missing,-4.188149060731591
208,0.5438591588038072,missing,3.5154572311661845
209,1.5686425348405915,missing,3.8044601904412363
210,-0.31802959455589697,missing,-2.2583101639890604
211,0.18183054738753204,missing,0.6802897593956931
212,-0.42941284808045704,missing,-4.123791013393119
213,0.1431969369962299,missing,2.717748824080841
214,-0.7682899032021347,missing,-3.3779320792804817
215,-0.07739904021972122,missing,-1.1366585108976879
216,-1.467951372687513,missing,-2.980100540654812
217,-0.6492316325664031,missing,0.25563236001660794
218,1.8420343927881504,missing,6.147902307702444
219,-0.31392481964935054,missing,-2.1972758353011477
220,-0.6327787238591267,missing,-2.6695139402741477
221,0.6791770550534344,missing,5.771669255055579
222,2.0530183505540895,missing,2.629186638571536
223,-0.3433148592314034,missing,-4.496919566704396
224,-1.4868223618140348,missing,-4.276412260783916
225,-0.4422336753913001,missing,1.9031118378710703
226,0.4698268653479609,missing,1.1882241109254754
227,-0.24646723080049754,missing,1.8741681728976756
228,0.8845428961818312,missing,6.306515730761769
229,0.43508166721814356,missing,0.3962103484953837
230,-0.1919141740614406,missing,-4.815529446360419
231,-0.8256984902597083,missing,-4.849524147915851
232,-0.3718917837211019,missing,-5.331109557808859
233,-0.1728553883275559,missing,1.807047027385891
234,0.6409289653083523,missing,4.018847060415807
235,0.4226831990884284,missing,-1.2304451823015117
236,0.4363071612470314,missing,2.4369665668359324
237,-0.42309150231776377,missing,0.8944189740313419
238,0.7244326256843026,missing,-1.9880936300501215
239,1.712012720447702,missing,4.703147701958606
240,-0.8322171257049477,missing,-4.144493020694825
241,0.2868559147387373,missing,-2.396625867267298
242,1.3506986828878995,missing,1.2830758724740816
243,1.4522099403888178,missing,4.393603738089638
244,0.6878420035988679,missing,3.0689893487945823
245,0.29050187724412957,missing,5.280289626012463
246,-1.2305718799526104,missing,-6.471558960251687
247,0.025520122244577403,missing,2.16213360701214
248,-1.6138016017086783,missing,-5.67063126461376
249,-0.9587928718195101,missing,-0.3805875009080668
250,0.09948077069006622,missing,-0.5298009509211334
251,0.0010582061907663956,missing,1.691748665403555
252,-0.02953895892461469,missing,-4.360767860718385
253,-0.47576052566309357,missing,-0.8724261902549924
254,-0.8328194511496836,missing,1.2267294743193957
255,-0.8174628892372909,missing,-1.759343889369442
256,0.36646801376995286,missing,-1.0863338293227958
257,0.8226756531138818,missing,2.9416861916484134
258,0.765547059451216,missing,3.406813127148269
259,0.17233833043495014,missing,1.7244130477441857
260,0.39846964538647167,missing,-0.36228697076373
261,-0.14039207229479853,missing,-1.1461634548708295
262,-0.570959711527872,missing,0.3468067293819076
263,1.857284210602869,missing,4.814134778015088
264,0.7508006214335892,missing,1.4597298642796819
265,-0.07054071874741275,missing,-3.114659284636428
266,0.28394663549508253,missing,1.6005479086642573
267,0.06958466430605859,missing,-0.13726693436397186
268,-0.3725917057243693,missing,-2.937365315388191
269,0.029424876140064834,missing,4.937646853546275
270,0.9811900101902361,missing,4.318911194994568
271,0.6432160445944263,missing,3.0171657722932808
272,-1.1050695752875141,missing,-5.660466645962192
273,0.5912138849967197,missing,-3.8028377340745965
274,0.40695804989391554,missing,-1.4910784006087523
275,0.6411523831260146,missing,4.725582021714958
276,-0.7828015838578266,missing,-2.6130966732828758
277,0.2141305896899596,missing,3.541232144957531
278,1.3759975632500132,missing,5.7282375091126525
279,0.7468739899502082,missing,2.4950866310859228
280,0.4350783086683428,missing,-0.708267524538322
281,-1.619103512990408,missing,-5.074468023422997
282,0.5145029572645806,missing,1.5532638559477823
283,0.1285527904875282,missing,0.08084796631632657
284,-0.024152160648393282,missing,-1.6590086462171931
285,0.29474450636421373,missing,1.2456802482805471
286,1.0561939806369394,missing,3.1193573985395084
287,1.0099605626657502,missing,3.648574382217288
288,-0.8900491774255354,missing,0.5451881156623346
289,-0.2582938812934153,missing,-0.7538237061888904
290,0.5422769813959779,missing,6.007604806380242
291,-0.9747840853735232,missing,-6.814898056790952
292,0.5978729112449704,missing,-0.10600289972151211
293,-0.4674233728340836,missing,2.1704224135325614
294,0.8398237277349827,missing,2.5556639070777982
295,-0.3942931461177101,missing,-0.5926933051616319
296,-0.46500409902300155,missing,-0.48708459347526745
297,-1.195532938684003,missing,-3.7739382098787893
298,-0.4387880623452983,missing,-0.5953667272002907
299,-2.0754463569697372,missing,-10.007415816441208
300,0.9911125433471684,missing,2.1714885810135605
301,0.400962920377612,missing,1.9935018087993148
302,-1.7757618605528198,missing,-1.9552373443404807
303,1.765216038481943,missing,3.744313881333905
304,0.3649441682133236,missing,0.7184802980587037
305,0.3441145038290143,missing,1.4459989743328685
306,0.561424112815682,missing,-0.40457060957062285
307,-1.0463236442663033,missing,-0.5664282014008074
308,-0.4615880613915568,missing,-2.8985072182833482
309,-0.5467404618359508,missing,-2.072076958303944
310,-0.9809602405597595,missing,-6.130192292109739
311,1.782697610077862,missing,2.717415635452488
312,-0.3662441736289726,missing,0.21112106974006073
313,-1.024322022301365,missing,-2.1438024929261568
314,0.8125105004165827,missing,6.961347561046076
315,-0.19485636931457279,missing,-4.869138389267121
316,0.41027552024906105,missing,3.331189523827431
317,-0.7465724597144225,missing,-2.505716052162297
318,-0.6083761502421071,missing,-0.694258707560556
319,-1.6108367560120775,missing,-5.467292226195166
320,-0.25518239101226275,missing,-2.1980899083688077
321,1.6795739688350708,missing,5.227064066645074
322,0.3700429932392964,missing,-0.022603454282094704
323,0.5253568166919916,missing,-2.6775549399336254
324,0.08731992444979647,missing,1.8480532480004985
325,-0.801572228439696,missing,-1.2085079100862934
326,2.351727897131377,missing,10.06344554759859
327,0.48037576804642734,missing,-0.33128868047521154
328,-1.8943948352865927,missing,-5.434140103046728
329,0.7782240747029213,missing,4.676615530899742
330,0.5522683836324865,missing,-0.8020750323702927
331,-0.7384376586813212,missing,2.793027719396002
332,0.19459740322932514,missing,0.3254063851746939
333,1.109489208123287,missing,4.009099165940944
334,-0.1834257050166984,missing,-0.35287087911519954
335,0.6488990908248001,missing,1.7860699299291436
336,-1.1048845698271015,missing,-4.357912816716522
337,1.0275291935282647,missing,4.251145162069929
338,0.9184293860593482,missing,5.213896660005117
339,0.7235671613381758,missing,6.421206090021288
340,-0.10795575485290484,missing,-1.278985887259358
341,-0.6867195151807961,missing,-4.540091289176615
342,-0.36130635312316134,missing,-0.025578903714589485
343,-1.6685192038548133,missing,-7.237597399662147
344,0.6079320428607147,missing,1.4801688547724052
345,-1.134837067640693,missing,-1.3928890603992148
346,-0.4984963771441296,missing,0.6500903364632623
347,-0.6171375829913498,missing,2.1943899151855444
348,-0.4314040278373051,missing,0.4656385410166355
349,0.3919858425115879,missing,2.0343282814615224
350,0.4772994601672526,missing,1.8098459709880563
351,0.9139495283063644,missing,3.713326000633532
352,-0.6429324494660377,missing,0.821241568500723
353,0.4040368232823654,missing,0.6697023823714074
354,-0.17143103817087216,missing,-1.0098981738093955
355,0.5699279206962691,missing,3.8083002172987714
356,1.0940575917585835,missing,0.4838815019157212
357,0.24758071684392188,missing,-0.6482530662567589
358,1.1234307635506986,missing,0.4567102618159828
359,-1.2144983796813285,missing,-2.3706393236631556
360,-0.5798331944584526,missing,0.7354876131498329
361,-0.12760152301222535,missing,3.6425760453438087
362,1.1382966582720533,missing,4.5160804070334
363,0.01859106303994896,missing,1.3946955254590987
364,0.5463724469688496,missing,1.8109916821391698
365,0.9643133545276703,missing,4.532206649953537
366,0.06329407837732688,missing,-1.665601710624347
367,0.16321663844892925,missing,-0.19104057299911656
368,-0.8073087111315517,missing,0.9168326339862938
369,0.4477845932818611,missing,-0.6468197628868431
370,0.08380193036852754,missing,-0.6504495823361294
371,-0.6118441982136142,missing,-3.1843055706192622
372,-0.830581829457756,missing,-0.2567930824464171
373,0.6086782414520864,missing,3.6504491238581025
374,-1.025251135376787,missing,-1.514021924677594
375,-0.3230858743267883,missing,-2.438154329331989
376,0.5435297920986538,missing,4.406557185365932
377,0.13821628547611028,missing,0.8054265664240925
378,0.7581901347843779,missing,-2.6252933231305593
379,-0.8020605542308141,missing,-0.4870558605071323
380,1.7530853756990812,missing,10.798220678541778
381,0.5839145446452849,missing,0.18304564453037864
382,0.5611689360027166,missing,0.4074275838991167
383,-0.4001909173985235,missing,-2.0673283467584054
384,-1.11379011443551,missing,-8.05211623044775
385,-0.09910303043489398,missing,0.004130899701618937
386,-0.11332794161061421,missing,-1.9705403218256914
387,1.8818524635260334,missing,5.782905540772127
388,0.06766995044569094,missing,-0.565034922374736
389,-0.3173638957977903,missing,4.5601943468800785
390,-0.774105113417317,missing,-6.958202158375222
391,1.0154522761452653,missing,3.7227333914919605
392,0.12184463825731652,missing,-0.7195716383450041
393,-0.999632789454946,missing,-4.60771883248622
394,1.9242191034673342,missing,5.0729980890212065
395,1.060803044546635,missing,6.904985857526352
396,-0.061385486091921,missing,0.010535865682071766
397,-0.7226015436310728,missing,-4.528637357232959
398,-1.263009911070217,missing,-1.5303138923676625
399,-0.4999094805852355,missing,0.1931968307540153
400,-0.23468254520087684,missing,-2.4705969089527766
401,-0.7949566570867387,missing,-1.5956826965632067
402,-0.26365079084642873,missing,7.435528674054178
403,-0.1419714337421092,missing,3.6533452798459014
404,-0.5707786254812187,missing,-6.321634003101959
405,-0.006359556761671825,missing,-4.484752311023826
406,0.7180918967711994,missing,2.7496236781375702
407,-1.143319449050414,missing,-5.256972945965008
408,0.5158482554191799,missing,2.0089251460440147
409,0.0015802743684647529,missing,-1.4647563411773818
410,0.4778645695340775,missing,-0.6292242801613726
411,-1.8203534169024629,missing,-4.301760012237468
412,0.5533907382838907,missing,-0.6760207084684708
413,0.16308327330628014,missing,2.1187814242460155
414,0.8470125057130768,missing,2.3192821833523025
415,-1.1981255067349703,missing,-3.655409852544448
416,-0.453468173948292,missing,0.7042046605767721
417,1.6684450707415597,missing,4.4533572347622625
418,1.8129944545777756,missing,2.7049209387334967
419,-0.025424998908127897,missing,-0.06663786207585512
420,0.8121981142817077,missing,6.006926287740187
421,1.8547855307097,missing,6.276974680535674
422,1.3240570411183663,missing,7.057087946009831
423,0.8005122300652331,missing,2.8303597037763693
424,-2.5652566092191247,missing,-9.232453697094009
425,-0.3615457088283707,missing,0.4440083656524294
426,1.3067381363824875,missing,4.707968994997335
427,-2.381317882901918,missing,-5.653431600511041
428,0.5456061846139231,missing,2.9587215485204736
429,0.5150359314059582,missing,5.0593579540048434
430,-0.6813809128229167,missing,1.8850659894722328
431,0.19559643749493918,missing,-1.0298952659390475
432,-0.47490562678923337,missing,-2.2357551605016646
433,0.2826659980774948,missing,2.0440291485484745
434,-0.13782754586792123,missing,-1.114709589900194
435,0.3034728570540741,missing,-0.3832100491147874
436,1.329727534640749,missing,4.492137867619634
437,-1.1013240829197288,missing,-2.085594278241448
438,-1.2752461471752765,missing,-0.5161492025272854
439,0.9687366218520415,missing,2.1427060606468027
440,0.3251305849693547,missing,0.7685222245790027
441,0.6803783136463332,missing,1.2783285676158858
442,0.227713046884452,missing,-4.664594695879967
443,-0.1297553246217795,missing,-0.36885572139259465
444,-0.9110091929935111,missing,-2.07471054334356
445,-1.9862508484755637,missing,-5.982272934732632
446,1.6707751879391828,missing,3.0904961900123373
447,0.8025846594020419,missing,2.2774184700912152
448,0.13489179515380278,missing,-0.15416726473012898
449,-0.05194069105405747,missing,-3.3623568492706886
450,0.2129483011156458,missing,3.085500542382048
451,-1.6751004953924145,missing,-3.8919302656709407
452,-1.4523981867127445,missing,-3.9829224858344228
453,0.3884340184394211,missing,-0.1566597775577389
454,0.5958972656077778,missing,0.5826815368416868
455,-0.7810552873060596,missing,-1.0463346180839992
456,1.209922762128,missing,3.9481808984066267
457,-0.0638334877901292,missing,1.915269609384476
458,-0.7478725057079819,missing,-2.67144598437146
459,-0.2300992444081207,missing,2.281660768581049
460,0.3263241078545016,missing,1.6021023443169073
461,-0.4878546239171742,missing,2.859121563641055
462,-1.975257960225897,missing,-7.040877651249787
463,0.3428953867220629,missing,-0.8623648039624727
464,0.6702634349683312,missing,1.8857146494938744
465,-1.47756090109141,missing,-6.2839903045690075
466,0.3181110004845354,missing,-0.49567942850145524
467,-0.6311505479758253,missing,-0.16898278124970112
468,-0.5117761125730609,missing,-2.93399029001025
469,-0.18860486605591567,missing,-0.9727118384595274
470,0.7409020977373277,missing,0.027793631281752273
471,-0.2868325404181624,missing,-2.083447876375015
472,-1.4809984711192465,missing,-4.571023225844013
473,0.5189545722641047,missing,-1.8017970962397618
474,0.1951029485935619,missing,0.6256883454666429
475,-0.004572193438086005,missing,0.5434438747856238
476,-0.5919500187914776,missing,-1.3124268427292738
477,0.17064392750319318,missing,5.661024788817225
478,3.2816077746512375,missing,9.772911542153585
479,-0.6151473972744288,missing,-3.7036839629189373
480,0.4943360273441505,missing,2.832227990365921
481,0.12363155364496911,missing,-2.2898681222425186
482,1.2799049371561513,missing,1.3012560045763002
483,-0.6602104500984872,missing,-0.6296761858124078
484,-1.6357631623395281,missing,-4.460834894427147
485,-0.743768358569435,missing,0.2513817306501598
486,0.9221144237333353,missing,3.9011441597817926
487,-1.1731636112509907,missing,-5.312228393307188
488,0.5444243553537494,missing,2.4161013114902814
489,0.9384617334295262,missing,0.7266967571795683
490,1.3772132424295649,missing,6.361070188659723
491,-0.24199709415120307,missing,-3.6653626260374086
492,0.35269972551392315,missing,2.1596114830235833
493,-0.5277893915252397,missing,-1.501582667178366
494,-0.4419872129133315,missing,-0.8592884373706162
495,0.022670347870637982,missing,3.558648856608077
496,0.674900555151415,missing,-1.3689795460180074
497,-0.26128493848663786,missing,1.6888454212958386
498,0.14614040840335588,missing,2.5582508336817398
499,-0.6814942736221394,missing,-1.9136912526167171
500,-1.0849344354868256,missing,-1.7857250045387698
501,-0.5202657802811249,missing,-5.661104649903931
502,0.8179427717362766,missing,5.456199393154781
503,0.18887570359892203,missing,-1.0978101255792552
504,-0.6728584161736001,missing,0.7684659005507204
505,-0.08732704192949305,missing,-2.801057536473526
506,0.31328963069680144,missing,6.498394263223016
507,0.22451574762072088,missing,1.2881936698717689
508,1.1520966318246564,missing,3.0394733844068913
509,0.091964335157175,missing,0.9365600036881915
510,-0.35350063194702314,missing,-0.6893627346891078
511,0.232112712377433,missing,-1.1253728559512126
512,-0.9365744963825828,missing,-0.3207068993224693
513,0.3193621524258134,missing,1.4314317115081958
514,1.942837851163852,missing,4.993375749425678
515,-0.9468966689369844,missing,-7.060027568465863
516,-0.7760690271610551,missing,-0.6345307569168178
517,-0.8317621358791368,missing,0.9295421485294639
518,-0.04440044479250087,missing,1.142142563751824
519,-0.451319551094942,missing,-1.1426910915159458
520,-1.2286238363025097,missing,-5.073286700237198
521,-0.7950177616965147,missing,-6.13694021441529
522,1.4962693062277939,missing,1.772946670857261
523,-0.5471455888274682,missing,1.2752095585326568
524,0.5950178355657394,missing,-3.5709768186160478
525,1.4826377746653794,missing,3.623617995496563
526,1.5967745635921018,missing,4.9127326329639045
527,-0.36548275912172234,missing,0.2274508802855279
528,-0.3354424902087419,missing,-2.976677856544775
529,0.22576789048657928,missing,-0.5246983710195269
530,-0.8242358771883733,missing,-4.446960317280516
531,-0.724683623811346,missing,-1.9419229288411042
532,-0.6809611077236133,missing,1.0399417763192451
533,-1.135557814314507,missing,-5.257010752563907
534,-1.3665264257626448,missing,-6.228011499296677
535,-0.702445402410896,missing,-0.8990232416104381
536,0.31732997436849564,missing,0.2749181558426512
537,-0.264799143841434,missing,1.117356927415808
538,-1.8150457208160176,missing,-7.047898046194224
539,-0.8129843960662549,missing,-2.4662079939762322
540,-1.2450138128328108,missing,-1.9134259191327803
541,2.248290288557222,missing,8.28670483624614
542,-0.4467369338601009,missing,-1.7984651207824989
543,-1.0227988203793992,missing,-2.670513300633462
544,1.783426421153079,missing,10.15668104281011
545,-0.8968526663763217,missing,-3.0520504632479946
546,0.3169894178134514,missing,2.289343021603788
547,0.09001707615374734,missing,0.16356683381692766
548,-2.5533049527980647,missing,-5.885846887823513
549,-1.769300365484596,missing,-4.470329724658134
550,-0.7923934251184066,missing,-3.7462270631138384
551,0.4631238701175774,missing,1.984407653082691
552,2.104151868763319,missing,6.367441213778986
553,0.3830781729804176,missing,5.10848565849731
554,-0.5473811725831473,missing,-2.9057564321351457
555,0.3342959754123582,missing,2.6045667142715216
556,-1.224786627750252,missing,-4.656832596705398
557,0.1160614066251506,missing,-1.8028157203715929
558,0.47236663269519397,missing,-0.3268132719196044
559,1.8497113310792523,missing,8.593075044165003
560,-0.43932226898703086,missing,1.295086519245411
561,0.7869982034660499,missing,2.2050876309409615
562,0.04517530018058281,missing,0.9282054190594087
563,1.8197725929588693,missing,2.824314120432073
564,-0.021818562563829625,missing,0.002238505002445379
565,0.15609761132111066,missing,-0.20764512604503854
566,-0.8811392465034185,missing,-5.3428349498444145
567,-1.52964681872601,missing,-4.32133825972303
568,2.226191656590309,missing,9.730894084532043
569,0.5826785668483201,missing,0.8749684234157297
570,-0.40463490507935296,missing,-0.29857449856271256
571,-1.073075241767307,missing,-3.915068139916503
572,-0.6081838701656592,missing,-3.414451099933671
573,-0.7811671726588912,missing,-7.469782155145448
574,-1.3639513253387998,missing,-3.4014833806617597
575,0.7060824770024344,missing,-1.6014936471922017
576,0.20368297228204552,missing,-0.7208524753673233
577,-0.376768364776832,missing,-0.19956229046206497
578,-0.5175601567309674,missing,-1.8383205147763935
579,-1.2302169224076345,missing,-5.19361115945247
580,-0.7715910842068999,missing,-2.652808120590337
581,0.008471877726818434,missing,-1.8104544788601082
582,-0.5762610590134538,missing,-1.1833074655459908
583,-1.4515824605993364,missing,-2.1626063048861517
584,-0.5966641621947129,missing,-4.068927987778753
585,1.3105406957417896,missing,4.668080266428814
586,1.372865288392848,missing,2.6692363517700013
587,0.0012955496896047186,missing,1.5867702361867946
588,0.9312255984589385,missing,-4.829730295023645
589,1.8725517809408252,missing,4.550215726607891
590,-0.8711730497898427,missing,-0.1643260788533028
591,-0.024118057090512884,missing,-0.46700189371524475
592,-0.7279553220818873,missing,0.6269361572453149
593,0.7304797779675065,missing,2.1435858230495777
594,0.12848366507327874,missing,6.879342162563294
595,-0.354555844137279,missing,0.014900787150873618
596,-0.593440544621767,missing,1.1967287267168831
597,1.3493836880543821,missing,4.875015580829594
598,0.6112554659476784,missing,4.057833082784947
599,1.375727069648573,missing,0.1643608734040755
600,-1.1005098945363774,missing,-2.4969507788906684
601,-0.49195988083694114,missing,-4.630319267744314
602,-0.19132786149295247,missing,-2.673481284446893
603,0.1260364388160345,missing,-0.07442741320088275
604,-0.2819532446704709,missing,0.2547802837403128
605,0.5716805742539385,missing,-0.21827693687708338
606,1.1655996493064917,missing,3.958639902455717
607,-0.08445029887020938,missing,1.047060631600648
608,-1.025593193820109,missing,0.0800987830163521
609,-1.0957308940782997,missing,-4.045377973870681
610,0.6882361826202313,missing,2.260626369005622
611,-0.562758234583377,missing,-2.540341749565634
612,-0.7927604649035199,missing,-0.4165807039669617
613,-1.2391452077234735,missing,0.36612710465478326
614,-0.11602507823491826,missing,-0.5456438676246671
615,0.9206694218758211,missing,0.711464160307941
616,-0.4831616741361011,missing,-2.6539492107742597
617,0.36388011416659594,missing,-1.2092471198178383
618,-0.27240722233763015,missing,-0.23892770534521357
619,1.6064042583358726,missing,3.4629724775470927
620,-0.7799461803857141,missing,-2.9685402669171657
621,-1.4273293768551316,missing,3.0750135949992394
622,-0.6603517083913211,missing,-1.9158492779131637
623,-0.337403591455742,missing,-4.165053317160925
624,0.5744753327456453,missing,1.6921094810628465
625,-0.25899135649147154,missing,-1.9985165869966768
626,1.089310594864639,missing,5.370927567905763
627,-0.3719597280224363,missing,-2.739384284792634
628,0.1798537695093944,missing,2.3640751521594296
629,-0.473623508024471,missing,-2.208195431480706
630,0.8089475300015664,missing,5.169788133325453
631,-0.7189685937743062,missing,-2.214931483194903
632,-0.46755720011354357,missing,-3.3910250394862107
633,0.5887430492955886,missing,4.683464306163167
634,0.1294311600428997,missing,2.4945206932353248
635,0.391885719820085,missing,-1.2166003170347472
636,0.5921787249979119,missing,-2.56990891282473
637,-0.7675343740559947,missing,-2.416483626768686
638,0.37426399778493596,missing,2.5348043911597595
639,0.8724745963357861,missing,2.4207592499957435
640,0.35432189604070413,missing,1.7191226301939972
641,-0.6151841493448016,missing,-2.5186241038277055
642,0.5146591559143184,missing,2.7458443619624235
643,-0.22839927870816285,missing,1.7161706694465444
644,0.30003097711757554,missing,1.5199480729229586
645,-1.4398617697261427,missing,-5.168330074264865
646,-0.07445305254708921,missing,0.09543622203776025
647,-0.5099725901902574,missing,0.6262917253071092
648,-0.6182186456688521,missing,-4.019368213553012
649,0.05464401548986191,missing,-1.8559764018745288
650,-0.12095049396770631,missing,-3.2220177399302052
651,-0.5826570066349152,missing,-0.1666567032723522
652,-0.23528311164195181,missing,0.2598315964499375
653,-0.8853247436599271,missing,-0.15670313951559334
654,0.4405830905903016,missing,4.604656970018992
655,0.9294621233178673,missing,2.3954307542044946
656,0.056831881730102604,missing,0.7304202375050685
657,0.17981791148904058,missing,-1.4559828263166996
658,-2.4886279492201373,missing,-8.978342511139916
659,-0.02634964912997127,missing,0.08621387480030962
660,-1.2709585166562558,missing,-6.149697650959029
661,1.0400499728185115,missing,2.6287444465471776
662,0.16778394859267529,missing,3.3689886928606603
663,0.29321487872553553,missing,4.307709478030161
664,1.3260383644236884,missing,2.8189457441421797
665,-0.4160804513693223,missing,2.200212861662363
666,-2.115339493933349,missing,-1.907738314508429
667,-1.3630504197690088,missing,-2.5568715785001115
668,-1.8237013784891491,missing,-2.3022882419855253
669,0.7835157748643382,missing,0.5344913266060718
670,-0.6562119626460448,missing,-0.9826325537324482
671,-1.0375577992272051,missing,-4.039743016892119
672,0.3063697712935188,missing,-2.491210769682015
673,0.3098337630295781,missing,0.8155635547817522
674,-0.854363386998949,missing,-2.1494463958197523
675,-0.9961200710653787,missing,-4.399654446485644
676,1.3752634365750227,missing,3.851418825505157
677,1.3444595824877117,missing,6.968160074512393
678,-1.3916270157538275,missing,-2.057233011507252
679,-2.512208400666019,missing,-6.548171355670023
680,-0.26894726667913216,missing,-1.572257460819776
681,0.002680660229985598,missing,-2.288330281372846
682,-2.463037642274411,missing,-5.037553028024423
683,0.13770601208789704,missing,2.313181496131965
684,1.816753682847272,missing,1.620674532033588
685,0.00730970729952109,missing,4.39366492808028
686,0.5273583150980874,missing,0.32231033346318183
687,1.0624646889054128,missing,2.000372202222292
688,-0.24832260698881273,missing,2.0793534324035075
689,0.21497026465765692,missing,3.703011086864763
690,0.37116480283578773,missing,-1.8343782363596148
691,1.3095987200305288,missing,0.5358501046064943
692,1.0878935676101722,missing,4.722361489393306
693,0.7983381595517118,missing,2.648433969483372
694,0.18971045191320074,missing,0.5159235818782368
695,-0.0209974149740881,missing,0.18807691383045366
696,-1.146734954105424,missing,-1.0765673930849304
697,-0.7204616008674003,missing,-3.5627680314827073
698,-0.8981468783667106,missing,-3.462699337315547
699,-0.0033084279238541564,missing,2.813583074738522
700,-2.1760216845653244,missing,-4.746716899123712
701,0.49412533757097954,missing,4.2267802911009795
702,-0.5921997955664802,missing,-1.0085796616493612
703,0.1534911043130235,missing,0.05921881564740408
704,-1.38987859345992,missing,-2.707881140876511
705,0.8013725222376707,missing,4.098164438536531
706,-0.09935512285722646,missing,0.336389656567923
707,-0.4821442358781456,missing,-1.4990111940538176
708,1.8815312379247338,missing,8.894339523532647
709,0.8504782626234615,missing,3.233548194681159
710,-0.7345159040840779,missing,-2.226063443255985
711,0.0014759692262676465,missing,-3.668242635638816
712,-0.7143307228918281,missing,-4.644839914879192
713,-0.5935112539066695,missing,-3.7161588675469632
714,-0.960707322983039,missing,-2.538694873471899
715,1.5895166021726967,missing,3.625894018448027
716,-0.7881807149464418,missing,-3.08830239847836
717,1.6528731448491287,missing,5.3827815235305385
718,-0.18649176463447115,missing,2.435431122255907
719,-0.060399751097666154,missing,1.6566924664060245
720,0.5936364794153145,missing,-1.0447793305075905
721,-0.7130774408278133,missing,-3.3269029422230307
722,1.6821952159186095,missing,7.807510741783233
723,-0.35225112366546996,missing,1.309858296622806
724,0.6284538016986363,missing,1.9296486623159192
725,0.5236257837611588,missing,0.1888325340205821
726,-0.10483071045170084,missing,0.8777897911379786
727,-0.5194442304111357,missing,-2.9359571903358535
728,-2.605061444854094,missing,-8.939427344104576
729,0.7169513106994487,missing,0.3637087766471433
730,1.039762910177644,missing,0.5635188957473578
731,1.0028273959411533,missing,3.291871467577543
732,-0.6643802454901475,missing,-2.988964205379782
733,-1.1162182696132943,missing,-6.357465129300462
734,1.065949118126841,missing,0.7833513350383307
735,0.8581814641641957,missing,4.486612949221076
736,0.6401700579555306,missing,-0.9865504615332794
737,-2.8170755438343633,missing,-11.637059861424898
738,-0.9154041971913948,missing,-5.027785137339202
739,2.1162212920088965,missing,4.8526376295943
740,-0.90234786204021,missing,2.291977120830696
741,-0.6992920994187014,missing,-1.1153844893939027
742,-0.44231887451083857,missing,-0.9195585316993201
743,0.5916870919386168,missing,2.0457860201460942
744,0.5163906132125594,missing,0.3781618745506362
745,-0.1389498965136388,missing,0.35971391991641866
746,1.9834348696926623,missing,2.624701425711398
747,1.3959711439057636,missing,2.607263479456077
748,0.3915834738717482,missing,4.411428685626336
749,-0.1900407259943351,missing,-3.230793018728363
750,0.03450330776251326,missing,-0.22317061031765117
751,-1.4998787353491925,missing,-1.1181076683962416
752,1.0565655624937644,missing,4.51237267434453
753,-0.9572289926227014,missing,-6.182240074557298
754,-0.9191127243901432,missing,-3.692138425917449
755,0.1217629845175336,missing,0.7569542648766046
756,-0.6120326709186807,missing,-2.15093019075615
757,-0.032507252662545574,missing,1.0436195969184807
758,1.2539741811150928,missing,6.174012680099366
759,-1.2452400876084584,missing,-5.081155461834127
760,0.5937313937314339,missing,6.823664041168152
761,0.7145629912430154,missing,3.2561692350295948
762,-1.0064085729977401,missing,-3.787446816888334
763,-0.9463923037329216,missing,-1.370872788962645
764,-1.1181990914021604,missing,-4.958109140131326
765,0.634894226235969,missing,-0.14526310070116377
766,1.4256026132237942,missing,5.198433041516807
767,0.35356834050446034,missing,-1.6584952207223638
768,0.8823895243391754,missing,6.763928635018164
769,0.5289452431631354,missing,0.9285589225156939
770,0.607471851315203,missing,3.9365422634092013
771,-1.3535766091672883,missing,-3.5436237134668263
772,0.28618764868234803,missing,3.148000644654851
773,-0.1781493162795648,missing,0.5374211791475833
774,0.6819208371191382,missing,2.445942465274104
775,-0.4023209119308996,missing,2.400506432512078
776,1.0212042424899996,missing,-1.6048179095220674
777,-0.6809629934443273,missing,-2.390149785543814
778,1.3381259713756406,missing,10.882898930013743
779,-0.6602023093324183,missing,0.5430898349097673
780,-0.9440988383078452,missing,-5.0708463155266434
781,-0.31423716515065747,missing,-1.49117400453652
782,-0.8852970052496627,missing,-1.900245820611147
783,0.1728062368892162,missing,5.431054228788749
784,0.7940736977732319,missing,0.877384506384363
785,-0.627302050829852,missing,-3.9818326193180003
786,-0.3569050398154701,missing,-2.3277653142211765
787,1.218563724168935,missing,1.525901524273817
788,-0.43079038019858673,missing,-1.12092625618998
789,-0.5292649127100096,missing,0.3384566479378639
790,-0.8763921687934958,missing,-0.1712442144578497
791,-0.819471184245887,missing,-3.4369333902826287
792,0.9617718109457654,missing,1.9808978615036026
793,0.2858489909671972,missing,-0.6787273913574889
794,-1.3580473932615096,missing,-0.09908536358784104
795,0.40851943130429724,missing,2.0389027513750237
796,0.5059099860977193,missing,1.4996576868128568
797,-0.2418375585041093,missing,-2.539040525143375
798,1.3663827324799322,missing,2.259659671218906
799,-0.6637971256603387,missing,0.22528005772364718
800,0.6171234383636833,missing,2.1492141187284513
801,-0.7151561972783246,missing,-0.4936986712075226
802,0.8338134089249772,missing,5.534538489891633
803,0.13896764225118968,missing,-0.4893223128143027
804,-0.22164280290521604,missing,-2.8165138130579654
805,-1.2679051645817838,missing,-3.427589775357317
806,0.822676088474321,missing,4.229929071878571
807,0.35329026623837945,missing,2.8439664305135635
808,0.2936391463708306,missing,-1.2906373956791874
809,0.08983004986505398,missing,-2.258984933226486
810,0.06767825459081443,missing,3.6324979396301775
811,-0.284981053967192,missing,-1.9247483156175833
812,1.0873369452395676,missing,6.092065275309191
813,0.9106167529984963,missing,-1.5432360739525135
814,0.5845338889293341,missing,4.101770299879668
815,0.9325310169518622,missing,3.6172258390691745
816,0.7817711329721065,missing,0.33096891527414074
817,0.5515095684314778,missing,-0.4917167597367037
818,0.7639275331340412,missing,3.8198923703418837
819,0.1107853767395035,missing,-2.442442950871248
820,-0.15345896382364133,missing,-1.103788860392921
821,0.1989139639992533,missing,1.204057460992984
822,-0.7254524451008473,missing,-3.0454667191430644
823,-2.1299446248614586,missing,-5.667127937174995
824,1.0670393743812758,missing,1.7019526946284562
825,-0.18089860282730336,missing,3.395271027703561
826,-0.6947681983927606,missing,-1.5312660276481036
827,1.3049718637674295,missing,3.3054214633357337
828,-0.536253924185613,missing,-2.161198451855626
829,-0.15682018398165207,missing,1.7861254474999297
830,0.6952956634939831,missing,2.8108329812419672
831,-0.2977761049977421,missing,-0.28776095240683097
832,-0.3386584396064406,missing,-1.7136867099012927
833,0.8329577753584904,missing,-1.414202575013983
834,-1.506592411160682,missing,-4.61997229788692
835,-1.1099280217155991,missing,-0.40884301553730706
836,2.1128939978403576,missing,3.3924485757941842
837,-0.714282376475632,missing,-3.8109103729731935
838,1.7028516975000456,missing,5.220081524419171
839,-1.734114453811687,missing,-2.8812790151875847
840,-1.105930431682307,missing,-2.342709546385839
841,-0.12210655422767906,missing,-5.113476848668837
842,0.5201790288000582,missing,3.14602403498487
843,-1.7096309922331834,missing,-2.9521125527496306
844,-0.20393754435928282,missing,-3.068202909051792
845,-2.0577240367744216,missing,-2.3487024474597646
846,0.4953741200328703,missing,0.4196829782348308
847,0.08547637204235643,missing,-0.4590578149482748
848,-0.14896799735435534,missing,-1.4608556456136481
849,-1.0305841322080815,missing,-2.9919507310532842
850,-0.9783112216700407,missing,-2.1541020413962153
851,-0.8867775575701673,missing,-5.480145404583829
852,2.062162715109086,missing,4.723094713223444
853,-0.6857272632123889,missing,0.6500485213904341
854,-0.620054567348413,missing,-2.7750855595414614
855,-0.2100611853814639,missing,2.200794013319173
856,1.0682191493168105,missing,2.240083471703928
857,-0.5414683132529836,missing,-1.0614747406723959
858,-0.9665871609507946,missing,-5.12069295377558
859,-1.1109984365284127,missing,-1.0111155919742223
860,-1.7173210604049622,missing,-5.164951030462442
861,0.12693949881459846,missing,-0.17000393293308735
862,-0.6481510184861766,missing,0.4823228367896777
863,-0.16271505364644848,missing,-2.8005714498624177
864,1.4217935834106825,missing,7.164474172839
865,0.8191405945443887,missing,5.914830114200294
866,-0.5327951415816312,missing,-0.6045335702054933
867,0.3749309294049005,missing,4.634943169077266
868,0.27426049457346063,missing,3.250246610561105
869,-0.11174371632771586,missing,1.0966833035641166
870,-0.27815418390920515,missing,-2.954948416462103
871,0.07700412177034659,missing,-1.2039191381908332
872,1.1554567479379156,missing,2.8761661831107284
873,1.6571670804853993,missing,2.0026374954049113
874,0.5974709471510832,missing,1.5426152816453944
875,-0.7443443469910178,missing,-3.36344574140302
876,0.8745172325598951,missing,2.664066933922025
877,0.1769578790643737,missing,3.292452692248946
878,0.47895474779250474,missing,4.633417097567956
879,-0.14871824519878213,missing,-3.1281605927305183
880,-0.15692655905639494,missing,1.0376314330669358
881,-1.4034928325335752,missing,-3.0627062521376387
882,-0.37127775660810935,missing,-3.921912611470603
883,-0.11034689349306633,missing,-0.37040916715564887
884,1.9003477787298935,missing,2.5036203354039115
885,-0.6653446468118102,missing,1.8981710084803343
886,-0.08394274377473009,missing,-0.6439766178884363
887,-0.4498186260100094,missing,-2.175129031897761
888,2.118172308888717,missing,7.155278320786642
889,1.6600890474465317,missing,4.736057577339758
890,1.1016249079215106,missing,0.697126099439324
891,-1.6150694922990634,missing,-5.918907155189373
892,0.8817190642684738,missing,-2.077085140570116
893,0.9579299735036295,missing,2.85522614606851
894,-0.742649646380717,missing,-2.928535625003952
895,0.636125408021598,missing,3.0734888138685053
896,0.567173773787509,missing,1.6255833593488225
897,0.4149142821385955,missing,-5.799006660731231
898,0.030098254947733227,missing,-2.361792881257836
899,0.9788019578187948,missing,1.559985083943218
900,0.1297096938712017,missing,-0.3022185694679658
901,0.7315159704841858,missing,-2.4220254714046856
902,0.00011421398210327247,missing,-0.8367067202601789
903,1.6843539527924944,missing,5.488684297250645
904,0.3806167861041441,missing,2.594171554701382
905,-0.5692035966579236,missing,-1.5587532100465498
906,1.0378332601826696,missing,6.081294203192366
907,-0.04587884002031133,missing,0.32723291149763617
908,0.0068012076564068595,missing,-1.1123067296644096
909,-0.09090758607739416,missing,-2.4798230101298637
910,0.26328720050944515,missing,2.9739506486877074
911,-0.10380324859155292,missing,-0.3311921103267842
912,0.7699259772932252,missing,-0.07386292211244316
913,-0.6263769741821499,missing,-0.7892181607333513
914,-1.7808976472081501,missing,-4.128486087703518
915,-0.5252768598664834,missing,-5.511054962500906
916,1.4485082774068558,missing,6.397518333163519
917,-0.1142515506318083,missing,-1.5043090040318234
918,-1.7679666335151298,missing,-6.303759432398488
919,3.0985807741339904,missing,7.722401079040049
920,0.3859826053213037,missing,-0.3493686452366497
921,0.6199747781922477,missing,-1.7471965183035916
922,2.104814118851098,missing,8.969626293741984
923,0.018868829101115557,missing,-1.8756645735476953
924,0.6898899804615081,missing,-0.04390339118724517
925,1.4682442120850336,missing,4.144548649335702
926,0.40523635058855106,missing,0.31725648891277547
927,0.6298326291912406,missing,1.76032606589222
928,-0.3079543548303061,missing,-2.9539174921065556
929,0.34732688007043755,missing,-1.7721548292962674
930,0.7588971741163596,missing,2.953236182887319
931,1.3535561935212426,missing,1.905328001696897
932,-1.258718211653967,missing,-5.416046966923185
933,1.116270390463266,missing,6.370374939567466
934,-0.4958079884129871,missing,-3.313444080991296
935,-1.1039193798715752,missing,-1.9132763570110969
936,1.4275225609440938,missing,4.529649552828174
937,-1.010758189778064,missing,-4.165935231352912
938,0.4462515461383843,missing,1.2140582905712594
939,0.5559285273068564,missing,0.7221173939013181
940,-0.0657724873351558,missing,0.6963116620931388
941,0.3689670960833931,missing,-1.0485405127305667
942,-0.576422910740308,missing,1.3927563315501688
943,1.6224415654067887,missing,5.43369738825572
944,0.5265085397514744,missing,-1.2269823418545225
945,1.1701543021565188,missing,0.27208933142908875
946,1.3755830065049595,missing,3.256395077640316
947,-1.0075880401283603,missing,-0.118443356019794
948,1.0022133590580211,missing,3.7060788277159045
949,0.0967475579330175,missing,-2.2374592952747134
950,-1.519829613302439,missing,-1.7373442867672997
951,-1.1769296172266033,missing,-1.6112118660878045
952,-0.4836450494700431,missing,0.6684528719387453
953,0.5650009888234917,missing,0.8590333875384946
954,0.8864142670707938,missing,0.8324842640676786
955,-0.920558090632468,missing,0.914425749028003
956,-0.32948103989598426,missing,4.592490677242084
957,0.6567444182048909,missing,3.3216859559712844
958,1.0474432999739747,missing,3.6631670594977757
959,-0.3129126811149081,missing,-0.7023137880776389
960,0.9446887599424966,missing,2.026069371774316
961,-0.2183434697708763,missing,-2.1912907071449657
962,0.3106943815760298,missing,4.7210555285341105
963,-1.126628647937598,missing,-3.6488382676305084
964,-1.2420360098884478,missing,-6.5463399725995
965,-0.6518014321029953,missing,-6.3182992571809224
966,0.21743132367994764,missing,2.527749908853889
967,-0.4053817767979179,missing,-0.6708671871131207
968,0.5565401004334907,missing,-2.4141721070827904
969,0.6261994398604523,missing,4.360246952825949
970,-0.604486313340861,missing,-6.693908252906399
971,-0.34272927987375595,missing,-0.334032365240009
972,1.2230568408741216,missing,4.1800257942836145
973,-0.8124771164450013,missing,-0.603315186577555
974,1.358879577737603,missing,6.808439050386286
975,-1.0284563789142935,missing,-5.5881313331289855
976,-0.9280125125612642,missing,-3.2273955228128903
977,1.0260079107777889,missing,4.321348710533595
978,1.214874603823426,missing,1.4792717794233348
979,0.20967836985602184,missing,-5.236395139095023
980,1.199664772203277,missing,6.023416856716058
981,0.38053071280437173,missing,1.429888865893286
982,0.17807483722494402,missing,3.0749879248559573
983,-0.719821755363981,missing,-1.8385606307052926
984,0.7578164950491171,missing,5.313037436356219
985,1.5601982344372929,missing,4.605668020623892
986,-1.002893954144957,missing,-2.5801901644485628
987,-1.0267138080640568,missing,-1.839757439890958
988,-0.1528227113241582,missing,0.06516141374112427
989,0.8333685254433378,missing,7.927894157848076
990,1.1451513693146154,missing,3.1873508510953146
991,0.3532266240991765,missing,1.672312602358587
992,-0.9947869365663718,missing,-1.8469631377735172
993,1.0744181508645199,missing,2.005595597235247
994,-0.16488755181054626,missing,-1.235030549650298
995,-1.4436564378856551,missing,-4.488691902124531
996,0.13475046933160328,missing,4.647960352765982
997,0.38142403414517806,missing,1.4909120280836148
998,-1.4336116005030002,missing,-5.0198591978477145
999,0.9779337770599992,missing,4.667814647941006
